varip int[] AAPL = array.from(
	 1,1,1,1,1,1,1,1,0,0,0,0,0,1,1,1,1,1,1,1,1,0,1,1,1,1,0,1,1,1,1,1,1,1,1,1,1,1,0,1,0,0,0,1,0,1,1,1,1,0,1,1,0,0,0,0,0,0,1,1,1,1,1,0,0,1,0,1,1,1,1,1,1,1,1,1,1,0,1,1,0,1,1,1,1,1,1,1,1,1,1,1,0,0,0,1,1,1,1,0,0,1,1,1,1,0,1,1,1,0,0,1,1,1,1,1,1,0,1,1,1,1,0,1,1,0,1,1,0,0,1,1,1,1,1,0,1,0,0,1,0,0,1,1,0,0,0,1,0,1,0,1,0,1,1,0,1,1,1,1,1,1,1,1,1,1,1,1,1,1,0,1,1,0,1,1,1,1,1,1,1,1,1,
	 0,1,0,1,1,1,1,1,1,1,1,0,1,1,1,0,0,0,1,1,1,1,0,1,1,0,0,1,1,1,1,0,1,1,1,1,1,1,1,1,0,1,1,1,1,1,0,1,1,1,0,1,0,1,0,1,1,1,0,0,1,0,0,1,1,0,0,0,1,0,0,0,1,1,1,1,0,1,1,1,1,1,1,0,1,1,1,1,1,1,1,0,1,1,1,0,1,0,1,0,1,0,0,0,0,1,1,1,1,1,1,1,0,1,1,1,0,1,0,1,0,1,0,1,1,1,1,1,1,1,1,1,1,1,1,1,0,1,1,1,0,0,1,0,0,1,0,0,1,1,1,0,1,1,0,1,1,1,0,1,1,0,0,1,1,0,0,1,0,0,0,1,1,0,1,1,1,1,1,0,1,1,
	 1,1,0,1,1,1,1,1,1,0,0,0,0,1,1,0,0,0,1,1,0,0,1,1,0,0,1,1,1,0,1,1,1,1,1,0,0,1,0,1,1,0,0,0,0,1,1,1,0,0,0,1,1,1,1,1,1,1,1,1,1,1,1,1,1,1,1,0,0,1,0,1,1,1,1,1,1,1,1,1,1,0,0,0,1,0,1,1,1,1,1,1,1,1,1,1,1,0,1,1,1,1,0,1,0,1,0,1,0,1,1,1,0,1,0,1,1,1,1,0,1,1,1,1,0,1,1,0,0,0,1,0,0,1,0,1,0,1,1,1,1,1,1,1,1,1,1,1,1,1,0,1,1,0,0,0,1,0,0,1,0,0,0,1,1,1,1,1,1,1,0,1,1,1,0,0,1,1,1,1,1,1,
	 1,1,0,1,1,1,1,1,1,1,1,0,0,0,1,0,1,0,0,0,1,1,1,1,1,0,1,1,0,1,1,1,1,1,1,1,1,1,0,1,1,1,0,0,1,1,1,1,0,1,1,1,0,0,1,1,1,1,0,1,1,0,1,1,1,1,1,1,1,1,0,0,0,1,1,1,1,1,1,1,1,0,1,1,1,0,1,1,0,0,0,1,1,0,0,0,0,1,0,1,0,0,0,0,1,0,1,1,1,1,1,1,1,1,1,1,1,0,0,0,0,0,1,1,1,0,0,1,1,0,1,1,1,1,1,1,1,1,0,0,1,0,1,0,0,1,1,1,1,0,1,1,0,1,1,1,0,1,0,1,1,1,1,1,1,0,1,0,0,1,1,1,1,0,0,0,1,1,1,0,0,0,0,
	 )
varip int[] ADA = array.from(
	 0,0,1,1,1,1,1,1,0,0,0,0,0,0,0,0,0,1,0,0,1,0,1,0,0,1,1,0,1,1,1,1,1,1,1,0,1,1,1,1,0,1,0,0,0,1,1,1,0,1,0,0,1,0,0,1,1,0,0,1,0,0,1,0,1,0,0,0,0,0,1,0,0,1,1,0,1,0,0,0,0,1,1,1,1,1,0,1,1,1,0,0,0,0,1,0,0,0,1,1,1,1,0,0,1,1,0,1,0,1,0,0,0,0,1,0,1,1,1,0,0,0,1,1,1,1,0,0,0,0,1,0,1,0,1,0,0,0,0,1,0,1,0,1,1,1,0,1,1,1,0,0,0,0,1,0,0,1,1,0,1,1,1,0,1,0,1,0,0,0,0,0,0,0,0,1,0,1,0,1,0,1,0,
	 1,0,1,1,0,0,0,1,1,1,1,0,0,1,1,0,0,0,0,0,0,0,0,0,1,1,0,1,0,0,0,0,0,1,0,0,0,0,1,1,1,1,0,1,1,1,1,1,0,0,0,0,0,1,1,1,1,1,0,0,1,1,1,0,1,1,0,0,0,1,1,1,1,0,0,0,1,1,0,0,1,0,0,0,0,0,0,0,0,0,1,0,0,0,1,0,0,1,0,1,1,1,1,1,1,1,0,1,0,0,0,1,1,1,1,1,1,0,1,1,0,0,0,0,0,1,0,1,0,0,1,0,1,0,0,0,0,0,0,0,0,0,1,1,0,1,0,0,1,1,0,0,1,0,0,0,1,1,0,1,0,0,1,1,1,0,0,0,0,1,1,0,1,0,0,1,0,1,0,1,1,1,
	 0,0,0,0,1,1,1,1,0,0,0,1,0,0,1,1,1,1,1,1,0,0,1,0,1,0,1,1,1,0,0,1,1,1,1,0,1,0,1,1,0,0,0,0,0,1,0,0,0,1,0,1,1,1,1,0,0,0,0,0,1,1,0,0,0,1,0,0,0,1,0,0,0,0,0,0,1,1,1,1,1,1,1,1,1,1,1,1,1,0,1,0,0,0,0,0,1,1,1,0,1,1,1,0,0,0,1,1,0,1,1,1,0,0,0,1,1,0,0,0,0,0,0,1,1,1,0,0,1,1,0,0,1,0,0,1,1,1,1,1,1,1,1,1,1,1,1,0,1,1,1,1,1,1,1,1,1,0,1,0,0,0,0,0,1,0,0,0,0,0,0,1,0,0,1,1,1,0,1,0,1,0,
	 1,1,1,1,1,1,0,0,1,1,1,0,1,0,0,0,1,0,0,0,1,0,0,0,1,1,1,1,0,0,0,0,1,1,1,0,0,1,0,0,0,0,1,0,0,0,0,0,0,1,0,0,0,0,0,0,0,1,1,1,0,1,1,1,1,0,0,1,1,1,1,1,0,0,0,0,0,0,0,1,1,1,1,1,1,0,1,1,0,1,1,1,1,1,1,1,0,1,1,0,1,0,0,0,0,0,0,0,0,0,1,0,1,0,1,1,1,1,0,0,0,1,1,1,0,0,1,0,0,0,0,0,0,1,0,0,0,0,0,0,1,1,0,0,0,1,1,0,0,1,1,0,1,0,0,0,1,0,0,1,0,0,0,1,1,1,1,1,1,0,0,1,0,0,0,1,0,1,0,1,0,0,0,
	 )
varip int[] AMZN = array.from(
	 0,1,0,1,0,0,1,1,1,1,0,0,1,0,1,0,1,0,1,1,1,1,1,1,0,0,0,1,0,1,1,1,1,0,0,0,0,1,1,1,0,1,1,0,1,1,1,1,1,0,0,1,0,0,1,0,0,0,1,1,0,0,0,0,0,0,1,1,1,1,1,1,1,0,0,1,1,1,1,1,1,1,0,0,1,1,1,1,0,1,1,0,1,0,1,1,0,0,1,1,1,1,0,0,1,1,1,1,1,0,1,1,0,0,1,1,1,1,1,1,0,1,0,1,1,1,1,1,0,0,0,1,1,1,0,0,1,0,0,1,1,0,1,1,1,1,1,0,0,1,1,0,1,0,0,1,1,1,1,1,1,1,1,0,1,1,1,1,1,0,0,0,0,1,0,0,1,1,0,1,1,0,0,
	 1,1,1,0,0,1,1,0,1,1,0,0,1,1,0,0,1,1,1,1,1,1,1,1,1,1,1,1,1,1,0,1,0,1,1,1,1,0,0,0,0,0,1,0,1,0,1,1,1,1,0,1,1,1,1,1,1,0,1,1,0,1,1,0,1,0,1,1,1,1,0,1,1,1,1,1,1,1,1,0,1,0,1,0,1,1,1,0,1,1,0,0,1,1,1,1,1,1,0,1,1,1,1,1,1,0,1,1,1,1,0,1,0,1,1,1,1,1,1,0,0,1,0,1,1,1,0,0,1,1,1,1,0,1,0,0,0,0,0,1,0,1,1,0,0,1,1,1,0,1,1,1,1,0,0,0,1,1,1,0,0,0,0,1,0,0,1,0,0,0,1,1,1,0,1,1,1,0,0,1,1,1,
	 1,0,0,1,0,0,0,1,0,1,1,1,1,1,1,0,1,1,0,1,0,1,0,1,0,0,1,0,0,0,1,1,1,1,1,1,1,1,1,1,0,0,1,1,1,1,0,1,0,1,1,1,1,1,1,1,1,0,1,0,0,0,0,1,1,1,1,1,0,1,1,1,1,1,0,1,1,1,1,1,0,1,0,1,1,1,1,0,1,0,1,1,0,1,0,1,0,0,0,0,0,1,1,0,0,1,0,0,1,1,1,1,1,0,1,1,0,1,1,0,0,1,1,1,0,1,1,1,1,0,1,0,1,1,1,1,1,1,1,1,0,0,1,1,1,1,0,1,1,1,1,1,1,0,0,1,1,1,1,1,1,1,0,1,1,1,0,1,0,1,1,0,0,0,0,0,1,0,0,0,0,0,
	 1,1,1,0,1,1,0,0,0,1,1,1,0,1,1,1,0,1,1,1,1,0,0,1,0,1,1,0,0,1,1,1,0,0,1,1,1,1,1,0,0,1,1,1,0,1,0,0,0,1,1,0,1,1,1,0,1,0,0,0,0,0,1,0,0,1,1,1,1,1,1,0,0,0,0,1,0,0,1,1,1,1,1,1,1,1,0,1,0,1,1,1,0,1,1,1,0,0,1,1,1,0,1,0,1,1,0,1,1,0,1,0,1,1,1,0,1,0,1,1,1,0,1,1,0,1,0,0,1,1,1,1,0,0,1,0,1,1,1,1,1,0,1,1,0,0,0,0,1,1,0,1,1,1,1,1,1,0,1,1,0,0,0,0,1,0,1,1,1,1,0,0,0,1,0,0,0,0,0,1,0,1,1,
	 )
varip int[] AUDUSD=X = array.from(
	 1,0,1,0,0,1,0,0,1,0,0,0,1,0,1,1,1,1,1,1,0,0,1,1,0,1,1,1,1,1,0,0,0,0,1,1,0,0,1,1,1,1,1,0,1,1,0,1,1,0,1,1,1,0,0,1,1,0,1,0,1,1,1,1,1,1,0,0,0,1,1,1,1,1,1,0,0,0,1,1,0,0,0,0,1,0,0,1,1,0,1,1,1,0,1,1,1,0,1,1,1,1,1,1,0,1,1,1,0,1,0,1,0,1,0,1,1,0,1,1,1,1,1,1,0,1,0,1,0,1,1,1,0,1,0,0,0,1,0,0,1,1,1,0,1,1,0,0,0,0,1,1,1,1,0,1,1,1,1,1,1,0,0,0,1,0,0,0,0,1,0,0,1,1,0,1,0,0,1,0,1,1,1,
	 1,0,1,1,0,0,0,1,1,1,0,0,1,0,0,0,1,1,0,0,1,0,1,1,1,1,0,0,0,1,1,1,1,1,1,0,1,1,0,0,1,1,1,1,0,1,0,0,0,1,0,1,0,1,0,1,0,1,1,1,1,0,1,0,0,1,0,0,1,0,0,1,0,0,1,0,0,1,0,1,0,0,1,1,1,1,1,1,1,1,1,0,1,1,1,1,1,0,0,1,1,1,0,0,1,1,1,1,1,1,1,1,1,1,0,0,1,1,1,0,1,0,1,1,1,1,1,0,1,0,1,1,1,1,1,1,1,0,0,0,1,0,1,0,1,1,1,0,1,1,0,1,0,1,0,0,0,1,1,1,1,1,0,0,1,0,1,1,1,1,1,1,1,0,1,0,1,0,0,1,1,0,
	 1,1,0,0,0,0,0,0,1,0,1,1,0,0,1,1,0,0,1,0,1,0,0,1,1,0,0,1,1,1,1,0,1,1,1,1,0,1,1,1,0,0,0,0,1,0,1,1,1,1,0,1,1,1,1,1,0,1,0,0,0,0,0,0,1,1,1,0,1,1,0,0,1,1,0,0,0,0,0,0,1,1,1,0,1,1,1,1,1,0,0,1,1,0,0,1,0,0,0,1,0,1,1,1,1,0,1,1,1,1,1,1,1,1,1,0,1,0,1,0,0,1,1,1,1,0,1,1,1,1,1,0,0,0,1,1,1,1,1,1,1,1,0,1,0,0,0,1,1,0,0,1,0,1,0,0,0,1,1,1,0,0,1,0,1,1,1,0,0,0,0,1,1,1,1,0,1,1,1,0,1,1,
	 1,0,0,1,1,0,1,1,0,0,0,0,1,0,1,1,1,1,0,1,1,1,1,0,0,0,1,1,0,0,1,0,1,0,0,1,1,0,1,0,0,1,0,0,0,1,1,1,1,1,1,1,0,1,1,1,1,1,0,0,0,1,0,1,1,1,1,0,1,1,1,1,1,1,0,0,0,1,0,1,1,1,1,1,0,0,0,0,1,0,1,1,1,0,1,1,0,1,1,0,1,0,0,0,0,0,0,1,1,0,0,0,1,1,0,1,0,1,0,1,1,1,0,0,0,0,1,1,1,0,0,1,1,1,1,0,0,1,1,0,0,0,0,1,0,1,1,0,1,0,0,0,0,0,1,0,1,0,0,1,1,1,1,0,0,1,1,0,0,0,0,0,1,1,0,1,0,1,1,1,1,1,1,
	 )
varip int[] AXP = array.from(
	 0,1,1,1,0,1,1,0,1,1,1,1,0,1,1,0,0,0,1,1,0,1,0,0,0,0,0,0,1,1,1,1,1,0,1,1,0,1,1,0,1,1,1,1,1,0,1,0,1,1,0,0,0,1,1,0,1,1,0,0,0,0,1,1,1,1,1,1,1,1,1,0,0,0,0,0,0,1,0,0,0,0,1,1,1,0,0,0,1,0,1,1,0,1,1,0,0,0,1,0,0,0,0,0,1,1,0,0,0,0,0,1,0,0,0,1,1,0,1,0,0,0,1,0,1,0,0,0,1,1,1,0,0,1,0,0,0,0,0,0,1,0,0,0,0,1,1,1,1,0,0,1,1,0,0,0,1,1,1,1,0,0,0,0,0,0,1,1,1,1,0,0,1,0,0,0,1,0,0,1,0,0,0,
	 0,1,1,0,1,0,0,0,1,1,0,1,1,1,1,0,1,0,0,1,0,1,0,1,0,1,1,0,0,0,1,1,0,0,1,0,0,1,0,0,1,0,0,0,0,1,1,1,0,1,1,1,0,0,1,1,0,0,0,0,0,1,1,0,1,0,0,1,1,1,1,1,1,1,1,1,1,0,0,1,0,0,0,0,0,1,0,0,0,1,1,0,0,1,1,1,1,1,1,1,1,1,1,1,0,1,0,1,0,1,1,1,0,1,1,0,1,0,0,1,0,0,1,1,1,0,0,0,0,1,0,0,0,1,1,0,1,1,1,1,1,0,1,0,0,0,1,1,1,1,0,0,1,1,0,1,1,1,1,0,0,0,0,1,1,1,1,1,0,1,1,1,1,1,0,0,0,1,1,1,1,1,
	 1,1,1,0,1,0,1,0,1,1,0,1,0,1,1,1,1,1,0,1,1,1,1,1,1,0,0,0,1,1,1,0,0,0,0,1,1,0,1,1,1,0,1,1,1,1,1,1,1,1,1,0,1,1,1,1,1,0,1,1,1,1,1,1,1,1,0,1,1,1,1,1,1,0,0,1,1,0,1,1,1,1,0,0,1,1,0,1,1,0,1,1,1,1,0,1,1,1,1,0,1,1,1,1,1,1,1,0,1,1,1,1,1,1,0,1,0,1,1,1,0,1,1,1,0,1,0,0,0,0,0,0,1,0,1,0,0,1,1,1,0,1,1,0,1,1,0,0,1,1,0,1,0,0,0,1,0,0,0,0,0,0,0,1,1,1,0,0,0,1,1,1,1,0,0,1,0,0,0,0,0,1,
	 1,0,1,1,1,1,1,1,1,0,1,1,1,1,0,1,0,1,1,0,0,0,1,1,0,1,0,1,1,1,0,0,0,0,0,0,1,0,1,1,0,1,1,0,0,1,1,1,0,0,0,0,1,1,0,0,1,0,0,0,1,0,0,0,0,0,1,1,1,1,1,0,1,1,0,1,1,1,1,1,1,1,1,0,1,1,1,0,1,1,1,0,1,0,1,1,0,1,1,1,1,1,0,0,1,0,0,1,0,1,1,0,1,0,1,1,1,1,1,0,1,1,0,0,0,0,0,1,1,1,0,1,1,1,0,1,0,0,0,0,1,0,1,1,1,1,1,1,1,1,1,1,0,0,0,0,0,0,0,1,1,1,0,1,1,1,0,0,0,1,0,1,1,0,0,1,1,0,0,1,1,0,1,
	 )
varip int[] BAT = array.from(
	 1,1,1,1,1,1,1,1,1,1,1,1,1,0,0,0,0,0,0,0,1,0,1,0,0,0,1,0,0,1,0,0,1,1,0,1,1,1,1,1,0,0,0,0,0,1,1,0,0,1,0,0,0,1,0,1,1,0,0,1,0,1,1,0,1,0,0,0,1,0,1,1,1,1,1,0,1,1,1,0,0,0,0,0,1,1,1,0,1,1,1,1,1,0,1,1,0,1,1,1,1,0,1,1,1,0,0,0,1,1,0,0,1,0,1,0,1,0,1,1,1,0,0,1,1,1,0,0,0,1,1,0,1,1,0,0,0,1,0,0,0,0,0,1,0,0,1,1,1,0,1,1,1,0,0,0,0,1,1,0,1,1,0,0,0,0,0,0,0,0,0,1,1,0,0,1,1,1,0,1,0,0,1,
	 1,1,1,0,0,1,0,0,0,0,1,1,0,1,0,1,1,1,0,0,0,0,1,1,0,0,0,1,0,0,1,0,0,0,0,1,0,0,0,1,1,0,0,0,1,1,1,1,0,0,0,0,1,1,1,0,1,0,0,1,0,1,0,0,1,1,1,1,1,1,1,1,1,1,0,1,0,1,1,0,1,1,0,0,1,1,0,0,0,1,1,1,0,0,1,0,1,0,0,1,1,0,1,0,1,1,1,1,0,0,0,1,0,0,1,1,1,1,0,1,0,1,0,0,0,1,1,0,0,1,0,1,1,0,0,0,0,1,0,0,1,0,0,0,0,0,0,0,0,0,1,1,0,0,0,0,0,1,0,1,0,1,1,1,0,1,1,1,1,1,0,1,0,1,1,0,0,1,0,0,1,0,
	 0,0,0,0,1,1,0,1,1,1,0,0,0,0,0,0,1,0,0,1,0,0,1,0,1,1,0,1,1,1,1,1,1,1,1,1,0,0,1,0,1,1,1,1,1,0,1,1,0,1,1,0,1,1,1,1,0,0,0,1,1,1,1,0,0,0,1,1,0,1,1,0,0,1,0,1,0,1,0,1,0,0,1,1,1,0,0,1,0,1,1,1,1,0,1,0,1,1,0,0,1,1,1,1,1,0,1,0,1,0,1,1,1,0,1,1,1,0,1,1,1,1,1,1,0,1,1,1,1,1,1,0,1,0,1,0,1,1,0,1,0,1,1,1,1,1,0,0,0,1,0,1,1,1,0,1,1,1,0,0,0,1,0,1,1,0,1,0,1,0,1,1,1,1,0,1,1,0,1,1,0,1,
	 1,0,0,1,1,1,1,0,0,1,1,0,0,1,0,1,0,0,0,1,1,1,1,1,1,1,0,0,1,1,1,0,1,0,1,0,1,0,1,0,0,1,1,0,0,0,1,1,0,1,1,0,0,0,0,0,0,0,0,1,1,1,0,0,1,1,1,0,1,0,1,0,1,0,0,1,1,0,0,1,1,1,1,1,1,1,0,0,0,1,1,1,1,0,1,1,0,0,1,0,1,0,0,0,1,0,1,1,0,1,0,0,0,1,0,0,0,1,0,1,1,1,1,0,1,0,0,0,0,0,0,0,0,1,0,1,0,0,0,0,1,1,0,0,0,1,1,1,1,1,1,0,1,1,0,1,0,0,1,0,0,0,0,0,0,0,0,0,0,0,1,1,0,1,0,1,0,1,0,1,1,1,0,
	 )
varip int[] BNB = array.from(
	 1,1,1,1,1,1,1,1,1,0,0,1,1,1,1,1,1,1,1,1,0,1,1,0,0,0,1,0,0,0,0,1,1,1,0,1,0,0,0,0,1,0,1,0,0,0,0,0,1,1,0,0,0,0,0,1,1,0,0,0,1,0,0,0,0,0,1,1,0,1,1,0,1,1,1,1,0,0,0,0,0,1,1,1,0,1,1,1,1,1,1,1,0,1,1,0,0,1,1,0,0,1,1,0,0,1,0,0,1,0,1,1,0,1,0,1,1,1,1,1,1,0,1,1,1,1,0,0,0,0,1,1,1,0,0,1,0,1,1,0,0,0,0,1,1,1,0,0,0,0,1,1,0,0,0,0,1,0,1,1,1,1,1,0,0,1,0,0,0,1,0,1,1,1,1,0,1,1,1,1,0,0,0,
	 0,1,0,0,1,1,0,1,1,1,0,1,1,1,1,0,0,0,1,1,1,1,1,0,0,0,0,0,0,1,1,0,1,0,1,1,1,0,1,1,0,0,1,0,1,1,1,1,1,1,1,1,0,1,1,1,1,1,1,0,1,1,1,1,1,0,0,0,1,1,1,0,1,1,0,1,0,0,1,0,0,0,1,1,1,1,1,1,1,0,0,0,1,1,0,0,0,1,0,1,1,1,0,1,1,0,1,1,1,1,0,1,0,1,0,0,0,1,1,1,1,1,1,0,0,1,1,0,1,1,0,1,0,1,1,1,0,1,0,0,1,1,0,0,1,1,1,0,0,1,0,0,0,1,0,1,0,0,0,1,0,1,1,0,1,0,0,0,0,0,0,0,0,1,0,0,0,0,1,1,1,1,
	 1,0,0,0,1,1,1,0,0,1,0,0,1,1,1,1,1,1,0,1,1,1,0,0,1,1,1,0,1,1,1,1,1,1,1,1,1,1,1,1,1,1,0,0,1,0,0,0,1,0,0,0,0,1,1,1,1,1,0,1,1,0,1,0,0,0,1,1,0,0,0,0,1,1,0,0,1,1,0,0,0,0,0,1,1,0,1,1,1,1,0,0,0,0,0,0,0,0,0,0,0,0,0,0,0,0,1,1,1,1,1,0,0,0,0,0,0,1,1,0,1,1,0,0,0,0,1,0,0,1,1,1,1,1,1,1,0,0,0,1,0,1,1,1,0,1,1,0,1,0,0,0,0,0,0,1,1,1,1,1,1,1,1,1,1,1,1,0,1,1,0,1,0,1,1,1,0,0,0,0,0,0,
	 0,0,1,0,1,1,1,0,0,0,0,0,0,0,1,0,1,0,0,0,0,0,0,1,0,1,1,0,0,1,0,1,1,1,1,1,0,1,1,0,1,0,0,0,1,0,0,1,1,0,1,1,0,0,0,1,0,1,1,1,0,0,1,1,0,0,1,0,0,0,0,0,0,0,0,0,0,0,0,1,0,0,0,0,1,1,1,1,0,0,0,1,0,0,0,1,1,1,1,1,0,0,0,0,1,0,0,0,1,0,0,0,1,1,1,1,1,1,0,0,1,0,0,0,0,0,1,1,1,1,1,0,0,1,1,0,0,0,0,0,0,0,1,1,1,1,0,0,1,1,1,1,0,1,0,1,1,1,1,1,1,1,1,0,0,1,1,1,1,1,0,0,0,1,1,0,1,1,1,1,0,0,0,
	 )
varip int[] BTC = array.from(
	 1,0,0,0,0,1,1,1,1,1,1,1,1,0,0,0,0,0,1,1,0,0,1,1,1,0,0,1,0,0,0,1,0,1,1,1,1,1,1,1,1,1,1,0,0,0,0,0,1,1,1,0,0,0,0,1,0,0,1,0,1,1,1,0,1,1,1,1,0,0,1,1,1,1,1,0,1,1,1,1,0,0,0,0,1,1,0,1,1,1,0,0,1,1,1,1,0,0,0,0,0,1,1,1,1,1,0,1,0,1,0,1,0,0,0,1,1,1,1,1,1,0,1,1,0,1,1,1,1,1,1,1,1,1,1,0,0,1,0,0,0,1,0,1,1,1,0,0,0,0,1,1,0,1,1,0,0,0,1,1,0,0,1,1,1,1,1,1,0,0,0,0,1,1,0,0,1,0,1,0,1,1,1,
	 1,1,1,1,1,1,1,0,0,0,0,0,0,0,0,0,0,0,0,0,0,1,1,0,0,1,0,0,1,1,1,1,0,0,1,0,1,1,1,1,1,1,0,1,0,0,1,1,1,1,0,0,0,1,1,1,1,0,1,1,0,1,1,1,0,1,0,0,0,1,1,1,1,1,0,1,0,0,1,0,0,0,0,1,1,0,0,1,1,1,1,0,1,0,1,0,0,0,1,1,1,1,1,1,1,1,1,0,1,1,1,0,0,0,1,0,0,1,0,1,1,0,1,0,1,1,0,0,1,1,1,0,1,1,1,1,1,0,0,1,1,1,1,1,1,0,1,1,1,0,1,1,0,1,1,1,0,0,1,1,0,1,1,1,1,0,0,1,0,1,1,1,0,1,1,0,0,0,0,1,1,1,
	 0,0,1,0,1,0,0,1,1,0,0,0,0,1,0,0,1,1,1,1,1,0,0,0,1,1,0,0,0,0,0,1,0,0,0,0,0,0,0,0,0,0,0,1,0,0,1,1,0,0,1,0,0,0,0,1,1,1,1,1,1,1,1,1,1,1,1,1,1,1,0,1,1,1,1,1,1,1,0,0,1,1,1,1,1,0,1,1,0,1,0,0,0,1,1,1,1,1,1,0,1,1,1,0,0,0,1,1,0,1,1,0,1,0,0,0,0,0,1,1,0,0,1,1,0,1,1,1,1,0,0,0,0,0,1,1,1,0,1,0,1,1,0,0,0,1,1,0,1,1,1,1,1,0,0,0,0,0,0,0,0,1,0,0,1,1,1,1,1,0,1,0,1,0,1,0,1,0,1,1,1,1,
	 0,0,0,0,1,0,0,0,0,1,1,1,0,1,0,1,0,1,0,0,0,1,0,1,1,1,0,1,1,1,1,1,1,1,1,1,0,1,0,0,1,1,0,0,1,1,1,1,0,1,1,1,0,1,1,1,1,1,0,0,0,0,1,0,1,1,1,1,1,1,1,0,0,1,0,0,0,0,0,1,1,1,1,0,0,0,0,0,1,1,1,0,0,1,0,1,1,1,1,1,1,1,1,1,0,1,1,0,1,0,0,1,1,1,0,0,1,1,1,1,1,1,1,0,1,0,0,1,0,1,1,0,0,0,1,0,1,1,1,1,1,1,1,0,1,0,0,0,1,1,1,0,1,0,0,1,1,1,1,1,0,1,1,1,1,1,1,0,1,0,0,1,0,1,1,0,0,0,0,0,0,0,0,
	 )
varip int[] CAT = array.from(
	 1,1,1,0,0,1,1,0,1,0,0,1,1,1,1,0,1,0,1,0,0,0,1,1,1,0,0,0,1,0,0,0,0,1,1,1,0,1,1,1,0,1,1,1,1,1,1,0,1,1,0,1,0,1,1,1,0,1,1,1,0,0,0,1,1,1,0,0,0,1,0,0,0,0,0,1,1,1,1,0,1,1,1,1,1,0,1,0,1,0,1,1,0,0,0,0,0,0,1,1,1,1,1,1,1,1,1,1,0,1,1,1,0,0,1,0,0,1,0,1,1,0,1,1,1,1,1,1,1,1,0,0,0,1,1,1,1,0,0,1,1,0,0,1,1,0,0,0,1,1,1,0,0,1,0,1,1,1,0,1,1,1,0,0,0,0,0,0,0,1,1,1,1,0,1,0,0,1,1,0,1,0,0,
	 1,1,1,1,1,1,1,0,1,1,1,1,1,1,1,1,1,1,1,1,1,1,1,0,1,0,1,0,1,1,1,0,1,0,0,1,1,1,1,1,1,0,1,1,1,0,0,1,1,1,1,0,1,1,0,1,1,1,0,0,1,1,1,1,0,1,1,0,0,0,1,1,1,0,0,1,0,0,1,1,0,1,1,1,1,1,1,1,1,1,1,0,1,1,1,1,0,1,0,1,1,0,1,1,1,1,0,0,1,1,1,1,0,1,1,1,1,0,1,1,1,1,1,1,1,1,1,1,0,1,0,1,0,1,1,1,1,1,1,1,1,1,1,1,1,1,1,0,0,1,1,0,0,0,0,1,0,1,0,1,0,0,1,1,1,1,1,0,0,0,1,1,1,1,0,1,1,1,1,1,0,0,
	 0,1,1,1,1,1,1,1,1,1,0,0,0,0,1,0,0,1,0,0,1,0,1,0,0,0,0,1,1,1,0,0,1,0,0,0,0,0,1,1,1,1,0,0,1,0,1,1,1,0,1,0,0,0,1,1,1,1,0,0,0,0,0,0,1,1,1,1,0,0,0,0,0,1,1,0,1,1,0,1,1,1,0,1,1,0,1,1,1,1,1,0,0,1,1,1,0,1,1,1,0,0,1,1,0,0,1,1,1,1,1,0,0,1,0,0,0,1,0,0,0,1,0,1,1,1,0,0,1,0,1,1,0,1,1,1,1,1,0,0,1,0,1,0,1,0,1,0,0,1,0,0,1,1,1,0,1,1,1,1,0,1,0,0,0,0,0,1,0,1,1,1,1,0,0,0,0,1,1,0,0,1,
	 0,1,1,0,1,0,0,1,1,1,0,1,1,1,1,1,0,1,1,0,1,1,1,0,0,1,1,1,1,1,0,1,1,0,0,1,0,1,1,0,1,0,1,1,1,1,0,0,1,0,1,1,0,1,0,1,0,1,1,1,1,0,1,1,0,1,0,1,1,1,1,0,0,1,1,1,1,1,1,1,1,1,1,1,1,1,1,1,1,0,1,1,1,0,1,1,0,0,1,0,1,1,1,1,0,1,1,1,0,1,1,1,1,0,0,0,1,0,0,1,0,1,1,0,0,0,1,1,1,1,0,1,1,0,1,1,1,1,0,1,0,1,0,0,1,0,1,1,1,0,1,1,1,1,0,0,1,0,1,0,1,1,1,1,1,1,0,1,1,0,1,1,1,1,1,1,1,1,1,1,0,1,1,
	 )
varip int[] DASH = array.from(
	 1,0,0,0,1,0,0,1,0,1,1,0,0,1,0,0,0,0,1,1,1,0,1,1,0,0,0,0,0,0,1,1,0,1,1,0,1,0,0,1,1,1,0,1,0,1,1,0,0,1,1,0,0,0,0,1,0,0,0,0,0,0,0,0,0,1,1,0,1,1,0,0,1,0,0,1,0,1,1,0,1,0,0,0,0,1,0,1,1,0,1,1,0,0,1,1,0,0,1,1,1,0,0,1,1,1,0,0,0,0,1,0,1,0,1,1,1,1,0,0,1,0,1,0,1,0,0,0,0,0,1,1,0,1,1,0,1,1,0,0,0,0,0,1,1,0,0,0,1,1,0,1,1,1,0,0,0,0,0,1,0,0,0,0,0,1,0,1,0,1,0,1,0,0,0,0,0,0,0,0,0,0,0,
	 0,0,1,0,1,1,0,1,1,1,1,1,1,1,0,0,1,1,0,0,0,0,0,1,0,0,0,0,0,0,0,1,1,0,1,0,1,0,1,1,0,0,1,1,1,1,0,1,1,0,0,0,1,0,1,1,1,0,0,1,0,0,1,1,1,1,0,1,0,0,0,1,0,0,1,1,0,1,0,1,0,0,0,0,0,0,0,0,0,1,0,1,1,0,1,1,0,1,0,0,1,1,0,0,0,1,1,1,1,1,1,1,0,1,0,0,0,1,1,1,1,1,1,1,0,0,0,0,0,0,0,0,1,1,1,1,0,0,1,1,1,0,0,1,1,0,0,0,1,1,1,1,1,1,0,0,0,1,1,0,0,1,1,0,1,1,0,1,0,0,1,0,1,1,0,0,0,0,1,1,1,1,
	 1,1,0,0,1,1,0,1,1,1,0,0,1,0,0,0,1,0,0,0,1,1,0,0,0,0,0,1,0,1,1,0,1,0,1,0,1,0,1,0,0,0,0,0,0,0,0,0,0,0,1,1,0,1,1,0,0,1,1,0,0,0,0,1,1,0,0,0,1,0,0,0,0,0,1,0,1,0,0,0,0,1,0,0,1,1,0,1,1,0,1,0,0,0,1,1,0,1,0,0,0,1,1,0,1,1,0,0,1,1,1,0,1,1,1,0,0,0,0,1,0,1,1,0,1,1,1,0,0,0,1,1,0,1,1,0,0,0,0,0,0,1,0,0,0,0,0,1,1,1,0,0,0,0,1,1,0,0,1,1,0,0,0,1,1,1,1,0,0,0,0,0,0,0,0,0,0,0,0,0,0,0,
	 0,1,1,1,0,1,0,1,1,1,1,0,1,0,0,0,1,1,0,1,0,1,0,0,0,0,0,0,1,1,1,1,0,1,1,1,0,1,1,1,0,1,1,0,1,1,0,1,0,0,0,0,0,0,0,0,0,1,0,0,0,0,0,0,0,0,0,0,0,0,0,0,1,0,1,0,0,0,1,1,0,0,1,0,1,1,1,1,1,0,0,1,0,1,1,1,0,1,0,1,1,0,0,0,0,1,1,1,1,1,0,0,1,1,0,1,1,0,0,1,0,0,1,0,0,0,0,0,1,1,1,1,1,1,1,1,1,1,0,1,1,0,0,0,0,0,1,1,1,0,1,0,0,0,1,0,0,1,0,0,1,0,0,1,0,1,0,0,1,1,0,1,0,1,1,0,1,1,0,1,0,0,1,
	 )
varip int[] EOS = array.from(
	 0,0,1,0,0,0,0,1,1,1,0,0,0,0,1,1,1,1,0,1,1,0,0,1,0,1,1,0,1,1,1,1,0,1,1,0,1,1,1,1,1,0,0,0,1,0,0,1,1,0,0,0,0,0,0,0,0,0,0,1,1,0,0,0,1,1,1,1,1,1,0,0,1,1,0,1,0,1,0,0,1,1,0,1,0,1,1,1,1,1,0,1,1,1,1,1,0,0,1,1,1,0,1,0,0,1,0,1,0,0,1,1,1,0,0,0,1,1,1,1,0,1,1,0,1,0,0,0,1,1,1,1,0,0,0,0,1,1,0,1,0,0,0,0,0,0,1,1,1,1,1,1,0,0,0,0,0,0,0,1,1,0,0,0,0,0,0,1,0,0,0,0,0,0,0,0,0,1,1,1,1,1,0,
	 0,0,1,1,0,0,1,1,0,0,0,0,0,0,1,0,0,0,1,1,0,1,1,0,0,0,0,1,0,0,1,0,0,1,1,1,1,0,1,1,0,1,1,1,1,1,1,1,1,1,1,1,1,1,1,0,1,0,1,0,0,1,1,1,0,0,0,1,1,1,1,0,0,0,0,0,0,1,0,1,1,0,0,1,1,1,1,1,0,0,0,0,1,1,0,1,0,1,1,0,1,1,1,1,1,1,1,1,1,0,0,0,0,0,1,0,0,1,1,1,1,0,0,0,0,0,1,0,0,1,0,0,1,1,1,0,0,0,0,0,0,1,0,0,1,0,0,0,0,1,0,1,0,0,1,1,0,0,0,1,1,0,0,1,0,1,0,0,0,0,0,1,1,1,0,1,1,0,1,1,1,1,
	 0,0,1,1,1,0,0,1,1,1,1,1,1,0,0,0,0,0,1,0,0,1,0,1,1,1,1,1,0,0,0,1,1,1,1,1,1,0,0,0,0,0,0,1,0,1,1,1,0,1,0,1,1,0,0,0,0,1,0,0,0,0,1,0,1,0,1,0,0,0,0,0,0,0,1,1,1,1,0,0,1,1,1,1,1,1,1,1,1,1,1,0,0,1,1,1,1,1,0,1,0,0,1,1,0,0,0,1,1,0,0,1,0,1,0,0,0,0,1,0,0,0,0,0,1,1,1,0,0,1,1,1,1,1,0,1,1,1,1,1,0,1,1,0,1,1,1,0,1,1,0,0,0,0,1,1,1,1,1,1,0,0,0,0,1,1,1,1,1,0,1,1,0,0,0,1,1,0,1,1,0,0,
	 1,1,0,0,1,1,1,1,1,0,0,1,0,1,0,0,1,0,0,0,1,1,0,0,0,1,0,0,1,1,1,0,1,1,1,1,0,1,0,0,0,0,1,1,0,0,0,1,1,0,0,0,1,0,1,0,1,1,0,0,0,0,0,0,1,0,0,1,0,0,0,0,0,0,1,0,1,0,0,1,1,1,1,1,1,1,1,1,0,1,0,0,0,0,0,0,1,0,0,0,0,0,1,0,1,0,0,0,1,1,1,0,0,1,0,0,0,1,0,1,1,0,0,0,0,0,1,1,0,0,0,0,1,1,1,1,0,0,0,0,1,0,0,0,0,1,0,1,0,0,0,0,0,0,0,1,0,0,0,0,0,1,0,1,0,1,0,0,1,0,1,1,0,0,0,0,0,1,1,1,1,1,1,
	 )
varip int[] ETC = array.from(
	 1,0,1,1,1,1,0,1,0,1,0,1,1,0,0,1,0,1,0,1,1,1,1,1,1,1,1,0,0,0,0,0,0,1,0,1,0,0,1,1,1,1,1,0,0,1,0,1,1,1,0,0,0,0,0,0,0,0,0,1,0,0,0,0,1,1,0,1,1,1,0,1,1,1,1,1,0,0,1,1,0,0,1,0,0,0,1,1,1,1,1,1,0,1,1,0,1,1,1,0,0,0,0,0,1,1,0,1,0,0,0,0,0,0,0,1,0,1,1,1,1,1,1,1,0,1,1,1,1,1,0,0,1,1,1,1,1,0,0,0,0,0,0,1,1,1,0,1,0,0,0,0,1,1,1,0,0,1,0,0,0,0,0,1,1,1,0,1,1,1,0,0,1,1,0,0,0,1,1,1,1,0,0,
	 1,0,1,0,0,0,0,1,1,1,1,0,0,0,0,0,0,1,0,0,0,1,0,0,0,1,0,1,1,0,1,0,0,0,1,1,1,0,0,1,1,0,0,0,0,0,1,0,0,1,0,1,0,1,0,1,0,0,0,1,1,1,0,1,0,0,1,0,1,0,0,0,1,1,1,1,0,1,0,0,0,1,0,0,0,1,1,0,1,1,1,0,1,0,0,0,0,1,0,1,1,0,0,0,0,0,0,1,1,1,1,1,1,1,1,0,1,1,1,0,1,1,1,1,1,0,1,0,1,0,0,0,1,1,1,1,0,0,0,0,1,0,0,0,1,0,0,1,0,0,1,0,0,0,1,1,1,0,1,0,0,0,0,1,1,0,0,0,0,0,1,1,1,1,0,0,0,1,1,1,1,1,
	 1,1,1,1,0,1,0,0,1,0,1,0,0,0,0,0,1,0,0,0,0,0,1,0,0,0,0,0,1,1,1,1,0,1,1,1,1,1,1,0,0,0,1,1,0,1,0,0,1,0,1,1,1,1,0,0,0,0,0,0,0,0,0,0,1,0,1,0,0,0,0,0,0,0,0,1,1,0,0,0,1,1,1,0,0,0,0,0,1,0,0,0,0,0,0,1,1,1,1,0,0,0,0,1,1,1,1,0,0,0,0,1,0,1,0,1,1,0,1,1,0,0,0,1,1,0,1,0,1,1,1,1,1,1,1,0,0,0,0,0,1,1,1,1,1,1,1,0,0,0,1,0,0,0,0,0,0,0,0,0,1,1,1,1,0,0,0,1,0,1,1,0,1,0,1,0,0,1,1,1,0,0,
	 0,0,0,1,0,1,1,1,0,1,0,1,1,0,0,0,1,0,1,0,0,1,0,1,0,1,0,1,1,0,1,0,1,1,1,1,1,0,0,0,1,0,0,0,0,0,1,0,0,0,0,1,0,0,1,0,0,0,0,0,1,0,1,0,0,1,0,1,0,0,0,0,0,0,1,0,1,0,1,1,1,1,1,0,0,0,1,0,1,1,1,0,1,0,0,0,0,0,0,0,0,0,1,1,1,0,0,0,0,0,1,1,1,1,1,1,1,0,0,1,0,0,0,0,0,0,0,0,1,1,1,0,0,0,1,1,1,0,0,1,1,0,0,0,0,1,1,1,0,1,1,0,1,0,1,1,1,0,1,0,1,1,0,1,0,1,1,0,0,0,0,0,0,1,1,1,1,1,0,1,1,1,0,
	 )
varip int[] ETH = array.from(
	 0,1,1,1,0,1,1,0,1,1,1,1,1,0,1,1,1,1,1,1,1,1,0,1,0,0,1,0,0,1,0,0,1,1,1,1,1,1,1,1,0,1,0,0,1,1,1,1,1,1,0,0,0,0,0,1,1,1,0,1,0,0,1,1,1,1,1,0,0,0,1,1,1,1,1,1,0,1,0,0,0,0,0,1,1,1,0,1,0,1,1,0,0,1,1,0,0,1,1,0,0,0,0,0,1,1,1,0,0,1,1,1,1,0,0,1,0,1,1,1,0,1,1,1,0,1,0,0,1,1,1,1,1,1,0,1,0,0,1,0,0,0,0,1,0,1,1,0,0,0,1,1,0,0,0,0,1,1,1,1,1,0,1,1,1,1,1,1,0,1,1,0,1,0,1,1,1,1,0,0,0,0,0,
	 0,0,1,0,0,0,1,1,0,1,1,0,0,1,1,1,0,1,0,1,0,0,0,1,0,0,0,0,1,0,1,0,0,0,1,1,1,0,0,0,0,1,1,1,1,1,1,0,0,0,0,1,1,1,0,1,0,1,0,0,0,0,0,1,0,0,1,1,1,1,1,0,1,0,0,0,1,1,0,1,0,0,0,1,1,1,1,1,1,0,0,0,0,0,1,1,0,1,1,1,1,0,1,1,1,1,1,0,1,0,1,0,0,1,0,1,0,0,1,0,1,1,0,0,0,0,1,1,1,0,0,1,1,1,1,1,0,0,0,1,0,0,0,0,1,1,1,0,0,1,1,0,1,1,1,1,0,0,0,1,1,1,0,1,0,1,1,0,0,1,1,0,1,0,0,0,1,1,1,0,1,0,
	 0,0,0,1,0,0,1,1,1,0,0,1,0,0,0,0,1,0,1,1,1,1,1,1,1,1,1,1,1,1,1,1,0,0,1,1,0,0,0,1,1,0,0,0,0,0,0,0,0,0,0,0,0,1,1,1,1,1,0,0,0,1,0,0,0,1,1,1,1,1,1,1,1,1,1,1,1,1,1,0,1,0,1,0,1,1,1,0,1,1,1,0,1,1,1,1,1,1,0,0,0,1,0,1,1,1,0,1,1,1,0,1,1,1,0,0,1,1,1,0,1,1,1,1,1,1,0,1,0,1,1,1,1,0,1,1,1,0,1,1,1,1,1,1,0,0,0,0,1,1,1,1,0,0,0,1,0,1,0,1,1,1,1,1,1,1,0,0,1,1,0,0,0,1,1,0,1,1,0,1,0,0,
	 0,1,1,0,0,1,0,1,1,1,0,1,1,1,1,0,0,0,1,1,1,1,1,1,0,0,1,0,1,0,1,1,1,0,1,0,0,1,0,0,0,1,1,0,0,1,1,1,1,0,0,0,0,1,1,0,0,0,0,0,1,0,1,0,0,1,1,1,0,1,0,1,0,0,1,0,0,0,0,1,1,1,0,0,0,0,0,1,1,1,0,1,1,1,1,1,1,0,0,0,0,0,1,1,0,1,1,1,1,1,0,1,0,0,0,0,0,1,1,0,0,0,1,0,0,0,0,0,0,1,0,0,1,1,1,1,0,0,0,0,0,0,0,0,0,1,0,0,1,1,0,0,0,0,0,1,1,0,0,1,0,1,0,0,1,1,0,0,0,0,0,0,1,1,0,1,0,0,1,1,1,0,0,
	 )
varip int[] EURUSD=X = array.from(
	 0,1,0,0,0,1,1,1,0,0,0,0,1,0,1,0,0,0,1,1,0,0,1,1,1,0,0,0,0,0,0,0,0,0,1,0,1,1,1,1,1,1,0,0,0,0,0,1,1,1,0,0,1,0,1,1,0,1,0,1,0,1,1,0,0,1,1,1,1,1,0,1,0,0,0,1,1,0,0,1,0,1,1,0,1,1,0,1,1,0,1,0,0,1,0,0,0,1,1,0,0,1,1,1,1,0,1,1,0,1,0,0,0,0,0,1,0,0,0,0,1,0,0,0,0,1,0,1,0,1,1,0,0,0,0,1,1,0,1,0,1,0,0,0,0,0,0,0,1,1,1,0,1,0,1,1,0,1,0,1,0,0,1,0,0,0,0,0,0,0,1,1,1,0,1,1,1,1,0,0,0,1,0,
	 0,0,1,1,1,1,1,1,0,0,0,1,1,1,0,0,0,0,1,0,1,1,1,0,1,0,0,0,0,0,0,1,0,1,1,0,1,0,0,0,1,0,0,0,0,0,0,1,0,1,1,1,0,1,1,0,0,0,1,0,0,0,1,0,0,0,1,0,1,0,0,0,0,0,1,0,1,0,0,1,0,0,0,0,0,0,0,0,0,0,1,0,1,1,0,0,0,0,0,0,0,0,1,0,1,1,0,1,0,1,0,0,1,1,0,0,1,0,0,0,1,1,0,1,1,0,1,1,1,1,0,1,1,0,0,0,0,1,0,0,1,0,1,1,0,0,0,1,0,1,1,1,1,0,0,0,1,1,0,0,0,0,1,0,1,1,0,0,1,0,0,0,1,0,1,1,0,1,0,0,1,0,
	 1,1,1,0,0,1,1,0,0,0,0,0,0,0,0,1,0,0,0,0,0,0,0,0,1,1,1,1,1,0,1,1,0,0,0,0,0,1,1,1,1,1,0,0,0,0,0,0,0,1,1,1,0,1,1,0,1,0,0,0,1,1,0,1,1,1,0,0,1,1,1,1,1,0,1,0,0,1,0,1,1,0,0,1,1,1,0,0,0,1,0,0,0,0,0,0,0,0,1,1,0,0,1,1,0,1,0,1,1,1,1,0,1,0,0,0,1,1,0,0,0,0,0,1,1,1,0,1,0,1,1,1,0,1,0,0,1,1,0,1,1,1,1,1,0,0,0,0,0,0,0,0,1,1,0,0,1,0,0,0,0,0,0,1,1,1,1,0,1,1,0,1,0,1,1,1,1,0,0,0,0,0,
	 0,0,0,0,0,1,0,1,1,1,0,0,0,0,0,0,0,1,0,1,1,0,0,1,1,0,1,1,0,0,0,0,0,1,0,0,0,0,1,0,1,0,1,0,1,0,1,0,0,1,0,0,0,0,1,1,0,1,1,0,0,0,1,0,0,0,0,0,0,0,0,0,0,0,0,1,0,0,0,0,0,0,1,0,0,1,0,1,1,1,0,0,0,0,1,1,1,1,1,1,0,0,0,0,0,1,0,0,0,1,1,0,0,0,1,0,1,1,1,0,0,0,0,1,0,0,0,1,0,0,1,0,1,1,1,1,0,0,1,0,0,0,0,0,1,1,0,0,0,0,1,1,1,1,1,1,1,0,1,1,0,1,0,1,1,0,0,1,1,1,0,1,1,0,0,0,1,1,1,1,0,0,0,
	 )
varip int[] GBPUSD=X = array.from(
	 1,1,1,1,1,1,0,0,1,1,0,1,0,0,1,1,1,1,1,1,1,1,0,0,0,0,0,1,1,1,1,1,0,1,0,1,0,0,1,1,1,1,1,1,1,1,0,0,1,1,0,1,0,0,1,1,0,0,0,0,1,0,1,1,1,1,1,0,1,1,0,0,1,1,1,0,1,0,1,1,0,0,0,1,1,1,0,0,1,1,1,1,1,0,0,1,0,0,0,0,0,0,0,1,1,0,0,1,0,0,0,1,0,0,0,0,1,1,0,0,0,0,0,0,0,1,1,0,0,0,1,0,0,1,1,0,1,1,1,0,0,0,1,0,0,1,1,0,1,0,0,0,0,1,1,1,1,1,1,0,1,1,1,0,0,0,0,0,0,0,1,0,0,1,1,1,0,1,1,1,1,0,1,
	 0,0,0,1,0,1,1,1,1,0,0,0,0,0,1,1,0,0,0,1,1,1,0,1,0,0,1,0,1,1,1,0,0,1,0,1,1,1,0,1,0,0,0,0,0,0,1,0,0,1,1,1,1,1,0,0,0,0,0,0,0,1,1,1,1,1,1,0,0,0,0,1,0,0,0,0,0,1,1,1,1,0,1,0,0,0,0,0,1,1,0,0,0,0,0,1,1,1,0,0,1,1,0,0,0,1,1,0,0,0,0,0,0,0,0,0,0,1,0,0,1,0,0,0,1,1,0,0,0,0,0,0,0,1,0,0,1,1,1,1,0,0,0,0,1,1,0,0,0,0,0,0,1,1,0,0,1,1,1,1,0,0,0,1,1,0,1,1,0,0,1,1,0,0,0,1,0,1,1,1,1,0,
	 1,1,1,0,0,1,1,1,0,0,1,0,0,1,1,0,0,0,0,0,1,0,1,1,0,1,1,0,1,1,1,0,1,0,0,0,0,1,0,0,0,0,0,1,1,1,0,1,1,1,0,0,0,0,1,1,0,0,1,0,0,0,1,0,0,1,0,1,1,1,1,1,1,0,1,0,0,0,0,0,1,1,0,1,0,1,0,1,1,1,1,1,0,1,1,1,0,1,1,1,0,1,1,1,0,1,0,1,1,0,0,0,0,0,0,1,1,0,1,1,1,1,1,1,1,1,0,0,1,0,0,0,1,1,0,0,1,0,0,1,0,0,0,1,1,0,0,0,1,1,0,0,0,0,0,1,1,0,1,1,1,1,0,1,0,0,0,1,0,0,1,0,0,1,1,0,0,0,0,0,0,0,
	 0,0,1,1,1,0,0,1,0,0,1,0,0,1,0,0,1,0,1,1,1,0,0,1,1,0,0,1,0,1,0,1,1,0,0,0,0,0,0,0,1,0,0,1,1,0,0,1,0,1,0,1,0,0,0,0,1,1,1,1,1,0,1,1,0,0,0,0,1,1,0,0,0,0,1,0,0,0,1,1,0,1,0,1,0,0,1,1,1,0,1,1,1,1,0,1,1,0,1,1,0,0,0,0,0,0,0,0,1,0,0,0,0,0,0,0,0,0,1,0,1,1,1,1,1,1,1,0,1,0,1,0,0,1,1,1,0,1,1,1,0,0,0,0,0,1,1,1,0,0,0,0,0,0,1,1,0,0,0,0,0,0,0,0,0,1,1,1,1,0,0,0,1,0,1,1,1,1,0,1,0,1,0,
	 )
varip int[] GLD = array.from(
	 1,0,1,1,1,1,0,1,1,0,1,1,1,1,0,0,1,0,1,0,0,0,1,1,0,0,1,1,1,1,1,1,0,0,1,0,1,1,1,1,0,0,1,1,1,1,1,0,1,0,1,1,1,1,1,1,1,1,1,1,0,0,0,1,1,1,1,1,1,0,0,1,1,1,1,1,1,0,1,0,0,1,1,1,0,1,1,1,0,1,1,1,1,0,1,1,0,1,0,0,0,0,1,1,0,0,0,0,0,0,1,0,0,1,0,1,1,1,0,0,1,0,1,1,0,0,0,1,0,1,0,0,0,0,0,1,0,0,1,1,0,1,0,1,1,1,0,1,0,0,0,1,0,0,0,0,1,0,0,1,1,0,0,0,1,1,1,0,0,0,1,1,0,1,1,0,1,1,0,0,1,1,1,
	 1,1,1,0,0,0,1,1,0,1,0,0,1,1,1,1,0,0,0,0,1,0,0,0,1,1,0,0,0,1,1,1,0,1,1,1,1,1,1,1,0,1,0,0,0,0,1,1,1,1,1,1,0,1,1,0,1,1,1,1,0,0,1,1,0,1,1,0,1,1,1,1,0,0,0,1,1,1,1,1,1,1,1,1,1,1,1,1,1,0,0,0,0,1,0,0,0,0,1,1,1,1,1,0,0,0,1,1,1,1,0,0,0,0,0,0,1,0,1,1,1,1,1,1,0,1,1,0,0,1,0,0,1,0,1,0,1,0,1,0,1,1,1,1,1,1,1,0,1,1,0,1,0,0,0,0,0,0,0,1,0,1,0,1,0,1,1,1,1,1,1,1,1,0,1,0,0,1,0,0,1,0,
	 1,0,0,1,1,1,1,1,1,1,0,0,0,1,0,0,1,1,1,1,0,1,0,1,0,1,1,1,0,1,1,1,1,0,0,0,0,1,1,0,0,0,0,0,1,1,1,0,0,0,1,1,1,1,1,1,0,1,0,1,1,0,0,1,0,0,0,1,1,1,1,1,1,1,0,0,0,0,1,0,0,1,1,0,0,0,1,1,1,0,1,1,1,1,1,1,1,1,1,1,1,1,0,0,1,1,1,1,0,0,1,1,0,1,1,0,1,1,1,0,0,0,1,1,1,1,0,1,1,1,0,0,0,0,1,0,1,1,0,0,1,0,1,0,0,1,0,1,1,1,0,1,1,1,1,0,1,0,0,1,1,0,0,0,0,1,1,1,1,0,0,1,0,1,0,1,1,0,0,0,0,1,
	 1,0,0,0,0,0,0,0,0,1,0,1,1,1,1,0,1,1,0,0,1,1,1,1,1,1,1,1,1,1,1,1,1,1,0,0,1,0,1,1,1,1,0,1,1,1,0,1,0,0,0,1,0,1,1,1,1,1,1,0,1,1,1,1,1,0,1,1,1,0,0,0,0,0,1,0,0,0,0,1,0,0,0,0,0,0,0,0,0,0,1,1,0,0,1,1,0,1,0,1,1,1,1,1,1,0,0,1,1,0,1,0,0,0,0,1,1,1,1,0,1,0,1,1,1,1,0,1,1,1,0,0,0,0,0,1,0,0,1,1,1,0,1,1,0,0,0,1,0,1,1,1,0,1,1,1,1,1,0,1,1,1,1,0,0,1,1,0,0,1,1,0,1,0,0,1,1,0,0,0,1,1,1,
	 )
varip int[] KO = array.from(
	 0,1,1,0,1,0,0,1,1,1,1,0,0,0,1,0,1,1,0,0,1,1,1,0,0,0,1,1,1,1,1,1,0,0,1,1,1,1,1,1,1,1,1,1,1,1,0,1,1,0,0,1,0,1,0,1,0,0,1,1,1,0,1,0,0,0,1,1,1,0,0,1,1,1,1,0,0,1,1,1,1,1,1,0,1,0,1,1,1,0,0,1,0,1,0,1,1,1,0,0,1,0,0,1,1,1,1,0,1,1,1,1,1,0,1,1,0,1,1,0,0,1,1,1,0,1,1,1,0,1,1,0,1,1,1,0,0,0,0,1,1,1,1,1,1,1,1,0,0,1,1,1,1,0,0,0,0,1,1,1,1,1,1,0,1,0,1,1,0,1,0,1,0,0,0,1,1,1,1,1,1,0,0,
	 1,0,0,0,1,1,1,1,1,1,1,1,1,1,1,1,1,1,1,1,1,1,1,0,0,1,1,1,0,0,1,1,1,0,1,0,0,1,1,1,1,1,1,1,1,1,1,1,1,1,0,0,1,1,1,1,1,0,0,1,1,1,1,1,1,1,1,1,0,1,1,1,1,0,1,0,1,1,1,1,1,1,1,0,0,1,1,0,0,1,1,1,1,1,1,1,0,1,1,1,0,1,0,0,0,1,1,1,1,1,1,0,0,0,1,0,1,0,1,0,1,1,1,1,1,1,1,1,1,0,1,1,1,1,1,0,0,1,1,0,0,1,1,1,1,1,1,1,1,1,0,1,1,0,1,1,1,1,1,1,1,1,1,1,1,1,1,1,1,1,1,1,0,0,0,1,1,1,1,1,0,1,
	 1,1,1,1,0,1,0,1,1,1,1,1,1,1,1,1,1,1,1,1,1,0,1,1,0,1,1,0,1,1,1,1,0,1,1,0,0,0,1,1,1,1,0,1,1,1,1,1,1,1,1,1,1,0,0,0,1,0,0,0,0,1,1,1,1,1,0,1,1,1,1,1,0,1,1,1,1,1,0,1,0,1,0,0,0,0,1,1,1,1,0,0,1,0,1,1,0,1,1,1,1,1,1,1,1,1,1,1,1,1,1,1,1,1,1,0,1,1,1,1,1,0,0,0,1,1,1,1,1,0,0,1,1,0,1,1,1,1,1,1,1,1,1,1,0,1,1,0,0,0,1,1,1,0,0,0,1,1,1,1,0,1,1,0,0,0,1,1,1,1,1,1,1,0,1,0,1,0,0,0,1,0,
	 0,0,0,0,1,1,1,1,1,1,0,0,1,1,1,0,1,1,1,1,1,1,1,0,1,1,0,1,0,0,1,1,1,0,0,0,1,0,1,0,1,1,1,1,1,1,1,1,1,1,1,0,1,0,0,0,1,1,1,1,1,1,1,0,1,1,1,1,1,1,1,1,1,1,1,1,1,1,1,1,1,1,1,0,1,0,0,1,1,1,1,1,1,1,0,1,0,1,1,0,1,0,0,0,1,1,1,1,1,1,1,0,1,1,1,1,1,0,1,1,0,0,1,1,0,1,1,1,0,0,1,1,1,1,0,1,1,1,1,1,1,0,1,1,1,1,1,0,1,1,1,0,1,1,1,0,0,1,1,1,1,1,0,0,1,0,1,1,0,0,1,0,0,1,0,1,0,1,1,1,1,1,1,
	 )
varip int[] LINK = array.from(
	 1,0,1,0,1,1,0,0,0,0,1,0,1,1,1,1,0,0,0,1,0,0,0,1,0,0,1,1,1,0,0,0,0,1,1,1,1,1,1,1,0,0,0,1,0,0,0,0,1,1,0,0,0,0,1,0,1,1,1,0,1,1,0,0,1,1,1,1,1,1,1,1,1,0,0,1,1,1,0,0,0,0,0,0,1,1,0,0,1,0,1,1,1,0,1,1,1,1,1,0,1,1,0,1,1,0,0,0,0,0,1,0,0,0,0,0,1,0,1,1,1,1,1,1,1,1,1,1,1,1,0,0,0,1,0,0,0,0,0,0,1,0,0,1,1,1,0,0,0,1,0,1,0,1,1,1,1,1,1,1,1,1,0,0,1,1,0,0,0,1,0,0,1,0,0,1,1,1,0,1,1,1,1,
	 0,1,0,1,1,1,1,0,1,0,1,1,0,1,1,0,0,0,0,1,0,1,1,1,1,1,1,1,0,1,1,0,0,0,0,1,1,1,0,1,0,0,1,0,0,0,0,0,1,0,1,1,0,0,1,0,1,0,1,0,0,1,1,0,1,0,0,0,0,0,1,1,1,1,0,1,1,0,0,1,1,1,0,1,1,0,1,0,1,0,1,1,0,0,1,1,1,1,0,1,0,0,0,0,0,0,1,1,1,0,0,0,0,0,0,1,0,0,1,1,0,0,0,1,0,0,0,0,0,1,1,1,1,1,1,1,1,0,0,1,0,0,1,1,1,0,1,1,0,1,0,1,1,0,1,1,1,0,0,1,1,0,0,1,1,1,1,1,1,1,0,1,0,0,1,0,0,1,0,1,1,1,
	 0,0,0,1,0,1,0,1,1,1,0,0,1,1,1,1,1,0,0,0,0,1,1,1,1,0,0,0,0,1,0,1,0,0,1,0,1,0,1,1,0,0,1,1,1,1,0,1,0,1,1,1,1,1,0,1,1,1,0,0,0,1,1,1,1,1,0,0,0,1,1,0,0,1,0,0,1,0,0,0,0,0,1,0,1,1,1,1,1,1,1,1,1,0,0,1,0,1,0,1,1,1,1,1,0,0,0,1,0,0,0,1,1,1,1,1,1,1,0,1,0,1,0,1,1,1,1,1,1,0,1,1,0,0,0,0,1,0,0,1,0,1,1,1,1,1,0,0,0,1,0,0,0,1,1,1,0,1,0,0,0,0,1,0,1,1,1,0,1,0,0,0,0,1,1,0,0,1,1,1,1,1,
	 0,1,0,0,1,0,0,1,1,1,0,1,0,1,0,0,0,1,1,1,0,0,0,1,0,0,1,1,1,1,0,1,1,1,1,1,0,0,0,0,0,0,0,1,0,0,0,0,0,1,0,0,1,1,1,1,1,0,0,1,0,0,1,1,1,0,1,0,0,0,0,0,0,0,1,0,1,0,1,0,1,0,0,0,1,1,1,1,1,1,0,1,0,1,1,0,0,1,1,1,0,1,1,1,1,1,1,0,1,0,0,0,0,0,0,1,1,1,1,1,1,1,0,1,0,0,0,1,0,0,0,1,1,1,1,0,0,1,1,0,1,1,0,1,1,0,0,1,1,1,0,0,1,1,1,1,0,0,0,1,1,1,1,1,0,1,0,1,0,0,0,1,1,0,0,1,1,0,1,1,1,1,0,
	 )
varip int[] LTC = array.from(
	 1,1,0,1,1,0,1,1,1,0,1,0,1,1,0,1,0,0,1,1,0,0,1,0,0,0,1,0,0,0,0,1,1,1,0,0,1,0,0,1,1,1,1,1,0,0,0,1,1,1,0,1,0,0,1,1,1,1,0,0,1,1,0,0,0,0,0,0,0,0,0,0,1,0,0,1,1,0,0,0,1,0,0,1,1,0,0,1,1,1,1,1,0,1,1,1,1,1,1,1,0,0,0,1,0,1,1,1,0,0,1,0,0,1,1,1,0,1,0,1,0,1,1,1,1,1,1,1,1,1,0,0,1,1,1,0,0,0,0,0,0,0,0,1,1,1,1,0,0,0,0,1,0,1,1,1,0,1,1,1,1,1,1,1,1,1,1,1,1,0,1,1,0,0,1,1,1,1,1,1,1,1,1,
	 0,1,0,1,1,0,0,1,1,1,1,1,1,0,0,0,0,1,1,0,0,0,0,1,1,0,0,1,0,0,0,0,1,1,1,1,0,0,0,0,1,0,0,0,1,1,0,1,1,1,1,1,0,0,0,1,1,1,0,0,0,0,0,0,0,0,1,0,1,0,0,0,1,0,0,0,0,1,0,1,1,0,1,0,1,1,1,0,0,0,1,1,0,0,1,1,0,1,1,1,1,0,0,1,1,1,1,0,1,1,1,1,1,1,1,0,1,0,0,1,1,1,1,1,0,0,1,0,0,1,1,0,1,1,1,1,0,0,0,0,1,1,0,0,1,0,1,1,0,1,0,0,0,1,1,1,1,0,0,1,0,1,0,0,0,0,1,0,0,0,1,1,0,0,0,0,0,0,0,1,1,1,
	 1,1,1,0,0,0,1,0,0,1,0,0,0,0,0,1,1,1,1,0,0,0,0,0,0,1,1,1,1,1,1,1,0,0,0,0,0,1,0,1,0,1,1,0,0,1,0,0,0,0,0,0,0,1,1,1,0,1,0,0,0,0,1,0,0,1,0,1,1,0,0,0,1,0,1,0,1,1,0,1,1,1,0,1,1,1,0,1,1,0,1,0,0,0,0,1,1,1,0,1,0,0,0,0,1,0,0,0,0,1,1,1,1,0,0,1,1,1,1,1,0,0,1,0,0,0,1,1,1,1,1,1,0,0,1,1,0,0,1,1,1,1,1,0,0,1,1,1,0,0,0,1,1,0,0,0,1,1,0,1,0,0,0,0,1,1,0,1,0,0,0,0,0,1,0,1,1,1,0,0,0,1,
	 0,0,1,1,1,0,0,0,0,1,1,0,1,0,1,1,0,0,0,0,1,1,1,0,1,0,0,0,1,1,0,0,0,1,1,0,0,0,0,1,0,1,1,0,0,0,0,0,0,0,0,1,0,0,0,0,1,0,0,0,1,0,0,0,1,0,1,0,1,0,0,1,1,1,1,1,1,1,1,1,0,0,0,0,1,0,0,0,0,0,0,0,0,1,1,1,0,0,1,0,0,1,0,1,1,0,1,0,0,1,0,0,0,0,0,0,1,0,1,1,0,0,1,0,0,0,0,0,0,0,0,0,0,1,0,1,1,1,1,0,0,0,1,0,1,1,1,1,1,1,0,1,0,0,0,1,1,0,0,0,1,1,1,1,1,0,1,1,1,1,1,0,0,1,0,0,1,1,1,1,0,1,1,
	 )
varip int[] MSFT = array.from(
	 0,1,0,1,0,0,1,1,0,1,0,0,1,0,0,0,1,1,0,0,1,1,1,1,1,0,1,0,0,1,0,0,1,1,1,1,1,0,1,1,1,1,1,1,0,1,1,0,1,0,1,0,0,0,1,0,1,1,1,1,1,1,0,0,1,1,1,1,1,1,1,0,0,0,0,0,0,1,1,0,1,0,0,1,1,0,0,1,0,0,1,1,1,1,1,0,1,1,0,0,1,1,1,0,0,1,1,0,0,0,0,1,1,1,0,1,1,0,0,0,1,1,1,1,1,0,0,1,1,1,0,0,1,1,0,0,1,0,1,0,1,1,0,0,1,0,0,0,1,1,1,0,1,0,0,1,1,1,1,0,0,1,0,1,1,0,0,0,0,1,0,1,0,0,1,0,1,0,1,0,1,1,1,
	 0,0,1,0,0,0,0,0,0,1,0,0,1,1,1,1,1,0,0,1,0,0,1,0,1,1,1,1,1,1,0,1,0,0,1,1,1,1,0,0,1,1,1,0,0,1,1,1,0,0,0,0,0,1,0,1,1,1,1,1,1,1,1,0,1,1,1,1,1,0,0,1,0,0,1,1,1,1,0,1,1,1,1,1,0,1,1,1,1,0,1,0,1,1,0,1,1,1,1,1,0,1,0,0,1,1,1,0,1,0,0,0,0,0,0,0,0,0,1,0,1,1,0,1,0,1,1,1,1,1,1,0,1,0,0,1,0,1,0,1,1,1,1,0,0,0,0,1,1,1,1,1,1,1,1,1,1,1,1,0,1,1,1,1,1,1,0,0,1,1,0,0,1,1,1,1,1,1,0,1,1,1,
	 1,1,1,0,0,0,0,1,0,0,0,0,0,1,1,0,1,0,0,0,1,1,0,1,0,1,0,0,1,1,1,1,1,1,1,1,1,1,1,1,1,1,1,0,1,1,1,1,1,1,1,1,1,1,1,1,1,1,1,0,0,0,0,0,1,1,0,1,1,1,1,1,1,1,0,1,0,0,0,1,1,0,1,0,1,1,1,0,1,1,0,0,0,0,0,0,1,1,1,1,0,0,0,0,1,0,1,1,1,0,0,1,0,0,1,1,1,1,1,1,0,1,1,0,1,0,1,0,1,0,1,1,1,1,1,1,1,0,0,1,1,0,1,0,0,1,0,0,1,1,1,1,1,1,1,1,1,1,0,0,1,0,0,1,1,1,1,1,0,0,0,0,1,0,0,1,0,0,0,0,0,1,
	 1,1,0,1,1,1,1,1,1,1,1,1,1,1,1,0,1,1,1,0,0,0,0,1,0,1,1,0,1,1,0,0,1,0,0,1,1,1,0,0,1,1,1,0,0,1,1,1,1,1,1,0,1,0,0,0,0,1,1,1,1,1,1,1,1,1,1,1,1,1,1,0,1,1,1,1,1,0,1,1,0,1,1,1,1,1,0,1,1,1,1,0,0,1,1,0,1,1,1,1,1,0,1,1,1,1,1,1,0,1,0,0,1,0,1,0,0,0,1,0,1,1,1,1,1,1,0,1,1,1,1,0,1,0,0,1,0,1,1,0,0,0,1,1,0,0,0,1,0,1,1,1,1,1,1,0,1,0,1,1,0,1,1,1,0,1,1,0,0,0,1,1,1,0,1,0,0,1,0,0,1,1,1,
	 )
varip int[] USDCAD=X = array.from(
	 0,1,0,1,1,0,1,1,0,1,0,1,0,0,0,0,1,1,0,0,0,1,1,1,1,1,0,1,1,1,1,0,0,0,0,0,1,0,1,0,1,0,1,1,0,0,1,0,1,1,0,0,0,0,0,0,0,1,1,0,0,1,0,0,1,0,1,1,0,0,0,0,0,0,1,1,0,1,0,0,1,1,0,1,1,0,1,1,0,0,0,1,1,0,0,0,1,1,1,1,0,0,0,0,0,1,0,1,1,1,1,0,0,1,1,0,0,1,0,0,1,1,1,1,0,0,0,1,1,0,1,1,1,1,0,1,1,0,1,1,1,0,0,0,0,1,1,0,1,1,1,1,1,1,1,1,0,0,0,1,0,1,0,0,0,1,1,1,1,1,1,1,0,0,1,1,1,0,0,1,0,1,0,
	 1,0,0,0,1,1,0,0,0,0,0,1,1,1,0,0,0,0,0,0,0,1,1,0,1,1,1,1,1,1,0,1,0,0,0,0,1,1,1,1,1,1,1,1,1,1,0,1,0,1,1,0,0,0,1,0,1,0,1,1,1,0,0,0,0,0,0,0,0,0,0,0,0,0,1,1,1,0,0,1,0,1,1,1,0,0,1,1,1,1,1,1,1,1,1,1,0,0,1,1,1,0,0,0,1,0,0,0,1,0,0,0,0,0,0,1,1,1,1,0,1,1,1,1,0,0,1,0,1,1,0,1,1,0,0,0,0,0,1,0,1,1,0,1,0,0,0,0,0,0,1,1,1,0,0,0,1,0,0,1,0,1,0,0,0,0,0,1,1,1,0,1,1,1,0,0,0,0,0,1,0,1,
	 1,1,1,1,1,1,0,1,1,0,1,0,1,0,0,0,0,1,0,0,0,1,1,0,0,1,1,0,1,1,0,1,1,0,0,0,0,1,0,1,1,1,1,0,0,0,0,1,1,1,1,1,1,1,1,1,1,0,1,0,0,0,0,0,0,0,0,0,0,1,1,1,1,1,1,1,1,0,1,0,1,0,0,1,0,0,1,1,0,1,0,0,1,1,1,0,0,1,1,0,0,0,0,0,0,0,0,0,0,0,0,0,1,1,0,1,0,1,1,0,1,0,1,1,1,1,0,0,0,0,0,0,1,0,0,1,1,0,0,0,1,1,1,1,1,0,0,1,0,1,1,1,0,0,1,0,0,0,0,1,1,0,1,1,1,1,1,1,1,0,0,1,1,1,1,1,0,1,1,0,1,0,
	 1,1,0,0,0,0,1,1,0,0,0,1,0,1,1,0,1,1,0,0,0,0,1,0,1,0,0,1,0,1,1,1,0,0,1,1,1,1,1,0,0,0,1,0,1,1,0,0,1,1,1,1,0,0,0,0,0,0,1,1,0,0,1,0,1,0,1,1,0,0,0,0,0,0,0,1,0,1,1,0,1,1,1,1,1,0,0,0,1,1,1,1,0,1,0,1,0,1,0,1,1,0,1,0,1,0,1,1,0,0,1,0,0,0,0,0,1,1,0,0,0,0,1,0,1,0,0,0,1,1,1,1,1,0,1,1,1,1,1,1,1,0,1,1,1,1,1,1,0,1,1,0,0,1,1,0,0,0,0,0,0,1,1,0,1,1,1,1,0,0,1,0,0,1,0,0,0,0,1,0,0,0,1,
	 )
varip int[] USDJPY=X = array.from(
	 1,1,1,1,0,0,1,1,1,0,1,1,1,1,1,1,1,1,0,1,0,1,1,1,1,0,1,1,0,0,1,0,0,0,1,0,1,0,1,0,1,0,0,1,0,0,1,1,0,0,0,0,0,0,1,0,1,1,1,1,1,1,1,1,0,1,1,1,0,0,1,0,1,1,0,0,0,1,0,0,1,0,0,0,1,1,0,1,0,1,1,1,1,1,1,0,0,0,1,1,1,1,0,1,1,1,0,0,1,0,0,0,0,1,1,1,0,1,1,1,1,1,1,0,1,1,0,1,1,0,1,0,0,0,1,0,0,1,0,0,0,0,0,1,0,1,1,1,1,1,0,1,1,1,1,0,0,1,1,0,0,0,1,0,1,0,0,1,0,1,1,1,0,1,1,0,0,0,1,1,1,1,0,
	 1,1,1,1,1,0,1,1,1,1,0,1,1,0,0,0,0,1,0,0,0,0,0,0,1,0,1,0,0,1,0,1,0,0,0,0,0,0,0,0,0,1,0,0,0,0,0,0,0,1,0,1,0,1,1,0,0,1,1,0,0,1,1,1,0,1,1,1,1,0,1,1,1,0,0,1,1,1,0,0,0,0,1,1,1,1,1,1,1,0,1,1,0,0,0,1,1,0,1,0,1,1,1,1,1,0,1,1,0,0,1,0,0,1,1,0,1,1,1,0,0,0,1,0,1,1,0,0,0,1,0,0,1,0,0,1,0,0,0,0,1,0,1,1,0,0,1,1,1,1,1,1,1,0,0,0,1,0,0,1,1,0,0,1,0,0,1,0,0,1,1,0,1,0,1,0,0,0,1,0,1,1,
	 1,1,1,0,0,0,0,1,0,0,0,0,0,0,0,0,0,0,1,1,0,0,1,1,1,1,1,1,1,0,0,1,1,1,0,1,1,0,0,0,0,0,0,0,0,0,1,0,0,1,0,0,1,0,0,0,1,1,1,1,1,1,1,1,1,1,1,1,1,1,1,1,1,0,0,1,1,0,0,0,1,0,0,1,0,0,0,0,1,0,0,0,0,0,0,0,1,0,1,0,0,1,0,0,0,1,1,1,0,0,0,1,0,0,0,1,0,1,1,0,0,1,1,1,0,0,1,0,0,1,1,1,1,1,0,1,1,0,0,1,0,0,1,0,1,0,0,1,1,1,0,1,0,1,0,0,0,0,1,1,1,0,1,0,1,1,1,0,0,0,1,1,1,1,0,1,0,1,1,0,0,0,
	 0,1,0,0,1,0,1,1,0,0,1,0,1,0,0,0,0,0,1,1,1,1,0,0,0,0,1,1,1,1,1,0,1,0,1,1,1,0,0,0,0,0,0,0,0,1,1,0,0,0,0,0,0,1,1,0,0,1,1,0,0,0,1,0,0,0,0,1,0,1,1,0,1,0,0,0,0,1,1,0,1,1,1,1,1,0,0,0,0,1,0,1,0,1,1,0,0,1,0,1,0,0,0,0,1,0,0,0,0,0,0,0,1,0,0,0,1,1,1,0,0,0,0,0,0,1,1,1,1,0,0,1,1,1,1,1,1,1,0,1,1,1,1,1,1,1,1,1,0,0,1,1,0,1,0,0,1,1,1,1,1,0,1,1,1,0,0,1,1,0,0,1,1,1,1,1,1,0,1,1,1,1,0,
	 )
varip int[] XLM = array.from(
	 0,0,0,1,0,1,1,0,0,1,0,1,0,1,1,1,1,1,0,1,0,0,1,0,0,0,0,0,1,0,0,1,0,1,1,0,0,0,0,0,1,1,1,1,0,1,1,1,1,1,0,0,0,0,0,0,0,0,0,0,0,1,1,1,1,1,1,1,1,0,0,0,1,1,1,1,1,1,1,0,0,0,0,1,1,1,1,1,1,1,1,1,0,0,0,0,0,1,1,0,1,1,1,0,1,1,1,1,0,1,1,1,0,1,0,1,0,1,1,1,1,0,0,0,0,1,1,0,0,1,1,0,1,1,1,1,0,1,0,0,0,0,1,0,1,1,1,1,0,0,1,1,0,0,0,0,0,0,0,0,1,1,1,0,0,0,1,0,0,0,0,0,1,1,1,1,0,0,0,0,0,0,0,
	 0,0,1,1,0,0,0,0,1,0,0,1,1,1,0,1,0,0,1,0,0,0,0,0,0,0,0,0,0,0,0,0,0,0,0,0,1,0,0,0,0,0,1,0,1,1,1,1,1,0,0,1,0,1,0,0,0,0,0,1,1,1,0,1,0,0,0,0,0,1,0,0,0,0,1,1,0,0,1,0,1,0,1,0,0,0,0,0,0,0,0,0,0,1,1,1,0,0,1,1,0,0,1,1,0,0,1,1,1,0,1,0,0,1,0,0,0,0,0,0,0,0,1,0,0,1,0,0,1,0,0,1,0,0,1,0,0,0,0,1,0,0,0,0,1,0,0,1,1,0,1,0,1,0,1,0,0,0,1,0,0,0,0,1,0,0,0,0,1,0,0,1,0,1,1,1,0,1,1,0,1,1,
	 1,0,0,1,1,1,1,0,1,0,0,1,0,0,1,1,0,1,1,0,0,0,1,0,0,0,1,0,0,0,0,0,0,1,0,0,1,0,0,1,0,1,0,1,1,0,1,1,1,0,1,1,0,0,1,0,0,1,0,1,1,1,1,1,1,1,0,1,0,0,0,0,1,1,0,1,1,0,1,1,1,1,0,1,1,0,1,0,1,0,0,0,0,1,1,1,1,0,1,0,1,1,1,0,0,1,1,1,0,0,0,1,1,1,1,1,0,0,1,1,0,1,0,1,0,0,0,0,1,1,1,0,0,0,0,0,1,1,1,0,0,0,0,0,1,1,0,0,0,0,0,1,1,0,0,1,0,0,0,0,1,1,0,1,0,0,1,1,0,0,0,0,0,1,0,1,1,0,0,0,1,0,
	 0,1,0,0,1,1,1,0,0,0,0,0,1,0,1,1,0,0,0,1,0,1,1,0,0,1,1,0,0,1,1,1,0,1,0,0,1,1,1,1,0,1,0,0,0,1,1,1,1,0,0,0,1,1,0,0,1,1,1,0,0,0,0,0,0,0,0,0,0,0,0,0,1,0,0,0,0,0,0,0,1,0,1,0,0,0,1,1,1,0,1,1,1,0,0,1,1,0,1,1,0,1,0,0,0,1,0,0,0,0,0,0,0,1,1,0,0,0,1,1,0,1,0,0,0,0,1,0,1,0,0,0,1,1,1,0,1,1,0,0,1,1,0,1,1,0,1,1,1,0,1,0,0,0,0,0,1,1,1,0,0,0,0,0,0,1,1,0,0,0,0,1,0,1,0,0,1,1,1,1,0,0,0,
	 )
varip int[] XMR = array.from(
	 1,1,1,0,0,1,0,0,1,1,1,1,1,1,0,0,1,1,0,0,0,0,1,1,1,0,1,1,0,0,0,1,1,0,0,0,1,0,0,0,0,1,0,1,0,0,1,1,1,1,1,0,0,0,1,1,1,0,0,1,0,1,1,1,0,0,1,0,1,1,1,1,0,1,1,1,1,0,0,0,0,0,0,0,0,1,1,0,0,1,1,1,1,0,1,1,1,1,1,1,1,0,1,1,1,1,1,0,0,1,0,0,0,0,1,1,0,1,1,1,1,1,0,0,1,0,0,0,1,0,0,0,0,0,1,0,0,0,0,0,0,0,0,1,0,1,1,0,1,0,0,0,0,1,0,1,1,1,0,1,1,1,0,1,1,1,1,1,0,0,0,0,1,1,1,1,1,0,0,0,0,0,1,
	 0,0,0,0,0,0,0,0,1,0,1,0,1,0,1,0,0,1,1,1,1,1,0,0,0,1,0,1,1,0,0,1,0,1,1,0,0,0,1,0,1,1,0,1,1,0,1,0,1,1,0,0,0,0,0,1,0,0,1,0,0,0,0,1,0,0,0,1,1,1,1,1,0,0,1,0,1,0,0,0,1,1,1,0,1,1,0,1,0,0,1,1,0,0,1,0,0,0,1,0,1,1,1,1,1,0,0,0,0,0,0,1,1,0,0,1,0,1,1,1,0,0,0,1,1,1,0,1,0,1,0,0,0,1,0,0,0,0,0,1,1,1,1,0,1,0,0,0,0,0,1,1,0,1,0,0,0,1,1,1,1,0,0,1,1,0,0,1,0,1,1,0,1,0,0,0,1,0,0,1,0,0,
	 1,1,0,0,1,1,1,1,1,1,1,0,1,1,0,1,1,0,0,0,1,1,1,0,1,1,1,0,1,1,0,0,0,0,0,0,1,0,1,1,1,0,1,1,1,1,0,0,0,0,1,1,0,1,1,1,1,1,1,1,1,1,1,1,1,0,1,0,1,0,1,1,1,0,0,1,0,1,1,1,0,0,0,0,1,1,1,0,1,1,0,1,1,0,0,1,1,1,1,1,1,1,1,0,0,0,0,0,1,0,0,1,1,0,1,1,1,1,0,0,1,1,1,0,0,1,1,1,0,1,1,0,0,1,1,1,1,0,0,0,0,1,0,1,0,1,1,0,0,1,1,0,1,0,0,0,1,0,0,1,1,1,1,1,1,1,1,0,0,0,1,1,0,1,1,1,1,0,1,1,1,0,
	 1,0,1,1,1,0,0,0,1,0,0,1,1,1,1,1,1,1,1,0,0,1,0,0,1,1,0,1,0,0,1,1,1,1,0,1,1,1,1,0,0,0,1,0,0,0,0,0,0,0,1,0,1,1,1,1,0,1,0,0,0,0,1,1,0,0,1,1,1,0,1,1,1,0,1,0,0,1,0,0,1,1,0,0,0,1,0,0,0,1,1,0,0,0,0,1,0,0,0,0,1,0,1,0,0,1,0,0,1,0,0,1,1,0,1,0,0,0,1,1,0,0,1,1,1,1,0,0,1,0,1,0,1,1,0,0,0,0,0,0,0,0,0,0,1,1,1,0,0,1,1,0,0,1,1,0,0,0,0,1,1,1,1,1,1,1,1,1,1,0,0,0,1,0,1,0,1,1,1,1,0,1,0,
	 )
varip int[] XRP = array.from(
	 0,0,1,0,0,0,0,1,1,1,0,1,0,1,1,1,1,1,1,0,1,0,0,0,1,0,0,0,0,0,1,1,0,0,1,0,0,0,0,0,1,1,0,0,0,1,0,0,1,1,1,0,1,0,0,0,0,0,0,1,0,1,1,0,1,1,1,1,0,0,0,1,1,1,0,0,1,0,1,1,0,1,0,0,0,0,0,1,1,1,1,0,0,0,1,0,1,0,0,0,1,1,1,0,0,0,1,1,0,0,1,0,0,0,1,1,1,0,1,0,1,1,0,1,1,1,1,0,1,0,0,0,0,1,1,1,1,0,0,0,0,1,0,0,1,1,1,0,1,1,1,1,1,0,0,0,0,0,0,0,0,0,0,0,0,0,0,0,0,1,1,1,1,0,1,1,0,1,0,0,1,0,1,
	 0,0,0,0,0,1,0,0,1,0,0,0,0,1,0,0,1,1,0,1,1,0,1,0,1,0,0,0,0,0,1,1,0,0,1,0,1,1,0,1,0,0,1,1,0,0,0,0,0,1,1,0,1,0,0,1,0,0,0,1,0,0,0,1,0,1,1,1,0,0,0,0,0,0,0,1,0,0,1,0,0,1,0,0,0,0,1,1,0,1,1,1,0,0,0,1,1,0,1,1,0,1,0,1,0,0,1,0,1,0,0,0,0,0,0,0,0,0,1,1,1,1,1,1,1,1,0,1,1,1,1,1,0,0,0,0,1,1,1,0,1,0,1,1,0,1,0,1,0,0,0,0,0,0,0,1,0,0,0,0,1,1,0,0,0,1,1,1,1,0,1,0,0,0,1,0,0,0,1,1,0,1,
	 0,0,0,0,0,0,1,0,1,1,0,0,0,1,0,0,0,0,1,0,0,0,0,1,1,0,0,0,0,1,1,0,0,1,0,0,0,0,0,1,0,0,0,1,0,0,0,0,0,0,0,0,1,0,0,0,0,0,0,0,0,0,0,0,1,0,0,1,1,1,1,0,0,1,1,1,1,0,0,0,0,0,0,1,1,0,1,0,0,0,1,0,0,0,1,1,0,1,1,0,0,1,1,1,1,0,1,1,1,0,0,1,0,0,1,0,0,0,0,0,0,1,0,0,1,1,0,1,0,0,1,0,0,0,0,1,0,0,0,0,0,0,0,1,1,1,1,1,0,1,1,1,1,1,0,0,1,1,1,0,0,0,1,0,0,0,0,1,1,0,1,0,0,1,0,1,1,1,0,0,0,0,
	 1,0,1,0,1,1,0,1,1,0,1,0,0,0,1,0,0,0,1,1,0,0,0,1,1,1,0,0,0,0,0,1,0,0,1,1,0,1,0,0,0,0,0,0,0,0,0,1,1,1,0,0,1,0,0,0,0,1,1,1,1,1,1,0,1,0,0,0,1,0,1,0,1,1,1,0,1,1,0,1,1,0,0,0,1,0,0,0,0,0,0,1,0,0,0,0,0,1,1,1,1,1,1,1,1,0,1,1,0,1,1,0,1,0,0,0,0,0,1,1,0,0,1,1,0,1,0,0,0,0,0,0,1,1,1,1,1,0,1,0,0,0,0,0,1,1,1,0,0,1,1,1,0,0,0,0,1,0,0,0,1,0,0,0,1,0,1,0,1,0,0,0,0,0,0,0,0,0,0,1,1,1,0,
	 )
varip int[] ZEC = array.from(
	 0,0,1,1,1,1,0,1,1,1,0,1,1,0,0,0,1,0,0,0,0,0,1,1,0,0,0,1,1,0,0,0,1,1,0,0,0,0,0,1,1,1,0,0,0,1,1,0,1,1,0,0,0,0,0,0,0,0,1,1,1,0,0,0,1,0,1,0,1,0,0,1,1,0,1,1,0,0,1,0,0,0,0,0,0,0,1,1,1,1,0,0,0,0,1,1,0,0,0,1,0,0,1,1,1,1,0,0,1,0,0,0,0,0,0,0,0,0,0,1,1,0,1,1,0,1,1,1,0,1,0,1,1,1,1,0,0,1,1,0,1,0,1,0,0,0,0,0,0,0,1,1,0,0,0,0,1,1,1,0,1,0,1,1,1,1,0,1,1,1,0,0,0,0,0,0,1,1,1,1,0,1,1,
	 0,0,0,0,0,1,1,0,0,0,0,0,1,1,0,0,0,1,0,0,0,1,0,0,0,0,0,0,1,0,0,0,0,0,0,0,0,0,0,0,0,0,1,0,1,0,0,1,0,0,0,0,1,1,1,1,0,0,1,1,0,1,1,0,1,0,1,0,0,0,0,0,0,0,1,1,1,0,0,0,0,0,0,0,1,1,0,1,0,0,0,1,1,1,0,1,0,1,0,0,1,1,0,0,0,0,0,1,0,0,1,0,1,0,0,0,0,0,1,0,0,1,0,1,1,0,0,1,1,1,0,0,0,0,0,0,0,0,1,1,0,0,0,0,0,0,0,1,1,1,0,1,1,0,0,1,0,0,0,0,1,1,1,1,1,0,0,0,0,1,0,0,1,0,0,0,0,0,1,1,1,1,
	 0,0,0,1,0,0,1,0,1,1,0,0,0,0,0,0,0,0,0,1,0,0,0,0,1,1,0,0,0,1,0,1,0,1,1,1,1,1,1,1,1,0,1,0,1,0,0,0,0,1,0,1,1,0,1,1,1,1,0,0,1,1,1,0,1,0,1,1,0,1,0,0,0,0,0,1,1,0,0,0,1,1,0,0,0,0,0,0,0,0,1,0,0,0,0,1,1,1,0,1,0,0,1,1,0,1,1,1,1,0,0,1,0,0,1,1,0,0,0,1,1,0,1,0,0,1,1,1,0,1,1,0,1,1,1,0,0,0,0,0,0,1,0,1,1,1,1,0,1,1,1,0,0,0,1,0,0,1,1,0,0,0,0,1,0,0,1,0,0,0,1,0,0,0,0,0,0,0,0,0,0,0,
	 0,0,0,0,0,0,0,0,1,0,0,0,1,1,1,0,1,0,0,0,0,0,1,1,0,0,1,0,0,0,0,1,0,1,1,0,0,0,0,1,1,0,0,1,0,0,0,0,0,0,0,0,0,1,0,0,1,1,0,0,1,0,0,0,0,0,1,0,0,0,1,0,0,0,0,0,1,1,1,1,0,0,0,0,0,0,1,0,0,0,0,1,0,0,0,0,0,0,1,0,1,0,0,1,1,0,0,0,0,0,1,0,1,1,0,0,0,1,0,1,0,0,1,1,0,0,1,1,0,0,0,0,0,1,1,0,1,1,0,0,1,0,0,1,0,0,0,1,0,1,0,0,1,1,1,1,1,0,0,0,0,0,1,0,0,1,0,0,0,1,0,0,1,1,0,1,1,1,0,0,0,0,1,
	 )
varip int[] ZRX = array.from(
	 1,1,0,0,1,0,0,1,0,1,0,0,1,0,1,0,0,1,0,1,0,1,0,0,1,0,1,1,1,0,1,1,1,0,0,0,0,0,0,0,1,1,0,1,0,0,0,0,1,1,0,0,0,0,0,0,0,0,0,0,0,0,0,1,1,1,0,0,1,0,0,1,0,0,1,1,1,0,0,0,0,0,0,1,1,1,1,1,1,1,1,0,0,1,1,1,0,1,0,1,1,0,1,1,1,0,0,0,1,0,0,0,0,1,1,1,0,0,0,0,0,1,0,1,1,0,0,0,0,0,1,0,0,1,0,0,0,1,0,0,0,0,0,1,1,1,0,0,0,1,1,1,0,0,0,0,0,0,0,0,1,0,0,0,0,0,0,0,0,0,0,0,0,0,1,1,1,1,0,0,1,1,0,
	 1,0,1,1,0,0,0,0,0,1,1,0,0,0,0,1,1,0,0,1,0,0,0,1,0,0,1,0,0,0,0,0,0,0,0,1,1,0,1,0,0,0,1,1,1,0,0,1,1,0,0,0,1,1,0,0,0,0,0,1,0,0,0,0,0,0,0,1,0,0,0,0,0,1,0,0,0,1,1,1,1,0,0,0,0,0,0,0,0,1,1,1,1,1,1,1,1,1,1,0,1,1,0,1,0,1,1,0,0,0,1,1,0,1,0,0,1,1,0,0,0,0,0,1,1,0,0,0,1,1,0,0,0,1,1,0,0,0,0,1,0,0,1,0,0,0,0,0,1,0,0,1,0,1,0,1,0,0,0,1,1,1,1,1,1,0,1,1,0,1,1,0,0,0,0,0,1,1,0,0,0,1,
	 0,0,1,0,0,0,1,1,0,1,0,1,1,1,1,0,0,1,0,0,1,0,1,0,1,1,0,0,1,1,0,0,0,1,1,0,0,0,1,0,0,0,0,0,1,0,0,0,1,1,1,1,1,0,0,1,1,0,0,1,1,0,1,1,0,1,1,1,1,0,0,1,1,0,0,0,1,1,1,0,0,0,1,1,1,0,1,1,1,0,0,0,0,0,0,0,0,0,0,0,1,1,1,1,0,1,0,0,0,0,1,0,1,1,0,0,0,0,0,0,1,1,0,0,1,0,1,1,1,0,1,1,0,1,0,0,0,1,0,1,1,1,1,0,1,0,0,1,1,0,0,0,0,0,1,0,1,1,0,0,0,0,0,1,1,1,0,0,1,0,0,1,0,1,1,0,0,0,0,0,0,0,
	 0,0,1,0,0,1,1,1,0,1,0,1,0,0,1,0,0,0,0,1,1,1,1,1,1,1,0,0,1,1,1,1,1,1,1,0,0,0,0,0,1,0,0,0,0,0,0,1,1,1,0,1,1,0,0,0,0,1,0,0,0,0,1,0,0,0,1,1,1,1,0,0,1,0,1,0,1,1,1,0,0,0,0,0,1,0,0,1,0,0,1,0,0,0,0,0,1,0,1,1,0,0,0,0,0,0,0,0,1,1,1,0,0,0,0,0,0,0,0,1,1,1,0,0,0,0,0,0,1,0,1,0,0,0,1,1,1,0,0,0,1,1,1,1,0,1,1,0,0,1,0,0,0,0,1,1,1,1,0,0,1,1,0,1,1,0,1,1,1,1,0,0,1,1,0,0,1,1,1,1,1,0,0,
	 )
varip int[] DJI = array.from(
	 0,1,1,1,0,0,1,1,1,1,0,0,0,0,0,1,1,1,1,1,1,0,0,1,1,1,0,1,0,1,1,1,1,1,1,1,1,1,1,1,0,0,0,1,1,0,1,1,0,1,0,1,0,1,1,1,1,0,1,1,1,1,1,1,1,0,1,1,1,1,1,0,0,0,1,1,1,1,1,1,0,0,0,1,1,1,0,1,0,0,1,1,1,0,0,1,0,0,1,1,1,1,1,1,0,1,0,1,0,1,1,1,0,1,1,1,1,1,1,1,1,0,0,0,0,1,1,0,1,1,1,1,1,1,1,0,0,0,0,1,0,1,1,1,1,0,1,1,1,0,1,1,1,1,1,0,0,1,0,1,0,0,0,1,1,1,0,1,1,0,1,1,1,1,1,1,1,1,0,1,1,1,0,
	 1,1,1,0,1,0,0,1,1,1,0,1,1,1,1,1,1,0,1,0,0,1,1,0,0,1,1,1,1,1,0,0,1,0,1,0,0,1,1,0,0,0,0,0,1,0,0,1,1,0,0,0,0,0,1,1,0,1,0,1,1,1,1,1,1,1,0,1,1,0,0,0,0,1,1,1,1,1,1,1,1,1,1,1,1,1,1,0,0,0,0,1,0,0,0,1,0,1,1,1,1,0,1,1,0,1,1,1,1,0,1,0,0,0,1,1,0,1,0,0,0,1,0,0,1,0,1,1,1,1,1,1,1,1,0,1,0,1,1,1,1,1,1,0,1,1,0,1,1,1,1,1,1,0,0,1,1,1,0,1,1,1,0,1,1,1,1,1,1,1,1,1,1,1,1,1,1,1,1,1,1,1,
	 0,1,1,1,1,1,1,1,0,1,1,0,0,1,1,1,1,1,1,1,1,1,1,0,1,0,1,1,1,0,0,0,1,1,1,1,1,1,1,1,1,1,0,0,0,1,1,1,1,1,0,0,1,1,0,1,0,1,1,0,0,0,1,1,1,1,0,0,1,1,1,1,0,1,0,1,1,0,1,1,0,0,1,1,1,1,1,1,1,1,0,0,1,1,1,1,1,1,1,1,1,1,1,0,1,1,1,1,1,1,0,1,0,1,1,0,1,1,1,1,1,1,1,1,1,0,1,1,1,1,1,0,1,0,0,0,1,1,0,1,1,1,1,0,1,0,0,1,1,1,1,1,1,1,1,0,1,1,0,1,1,0,1,0,0,1,1,1,1,1,1,0,1,0,1,1,1,1,1,1,0,0,
	 0,1,1,1,0,1,0,0,1,1,1,1,1,1,1,1,1,1,1,1,0,0,0,1,0,1,0,1,1,1,1,1,1,0,0,1,1,1,1,1,1,1,1,1,1,1,0,1,1,1,0,1,1,1,1,1,0,1,1,1,1,1,1,1,0,0,1,1,1,1,1,1,0,1,0,0,1,1,0,0,0,0,1,1,0,1,0,1,1,1,1,1,1,1,1,0,1,1,1,0,1,0,1,0,1,1,0,1,1,1,0,1,1,0,1,0,1,1,1,0,0,1,1,1,1,0,1,1,1,1,1,0,1,0,1,1,1,1,1,1,1,1,1,1,1,1,1,1,0,1,0,0,1,1,1,0,1,1,0,1,1,1,1,1,0,1,1,0,0,0,0,1,1,1,1,0,1,1,1,1,1,1,0)
varip int[] FTSE = array.from(
	 1,1,1,1,1,1,1,1,1,0,0,1,0,1,0,0,1,1,0,0,1,1,1,1,1,1,1,1,1,1,1,1,1,1,1,1,1,0,0,1,1,0,1,0,1,0,1,0,0,0,0,1,0,1,0,0,0,0,0,0,1,0,0,0,0,1,1,1,0,0,1,1,1,1,1,0,1,1,1,1,1,1,1,1,1,1,1,1,0,0,0,1,1,0,1,1,1,1,1,1,0,0,0,1,1,1,1,1,1,0,1,0,1,1,1,1,1,1,1,0,0,0,0,0,1,1,1,0,1,1,0,0,0,1,0,1,1,1,1,1,1,1,0,0,0,0,1,1,0,1,0,1,1,1,0,0,1,1,1,0,1,0,0,0,1,1,0,0,1,1,1,0,1,1,0,1,0,1,0,1,1,0,0,
	 1,1,0,1,1,1,1,1,1,0,0,1,0,1,1,1,0,0,1,1,1,1,1,1,1,1,0,1,1,1,0,0,1,1,1,1,1,1,1,1,0,1,0,0,1,1,1,1,1,1,1,1,1,1,0,0,0,1,0,1,1,0,0,1,1,0,0,1,1,1,1,0,1,1,1,1,0,0,0,0,1,0,0,0,1,1,1,0,1,1,1,1,1,1,1,1,1,1,0,0,1,0,1,1,1,1,1,0,0,0,0,1,0,1,0,0,1,1,0,0,1,1,1,0,1,1,1,1,1,1,0,0,0,0,1,1,1,1,1,0,1,1,1,1,1,1,1,0,1,0,0,1,1,1,1,1,1,1,1,1,1,1,1,1,1,0,0,0,1,1,0,0,1,0,1,1,1,0,1,1,0,0,
	 0,1,0,1,1,0,1,1,1,1,0,1,1,1,1,0,0,0,0,1,1,0,1,0,0,1,0,1,0,1,0,1,1,1,1,1,1,1,1,1,1,1,1,0,1,1,0,1,1,0,1,0,0,1,1,1,0,1,0,0,0,1,1,1,0,0,0,0,1,1,0,0,1,0,1,1,1,1,1,1,1,0,1,1,1,0,1,0,1,1,0,1,1,0,1,1,1,1,1,1,0,0,1,1,1,1,0,0,0,1,1,1,1,0,0,0,0,0,1,0,0,0,1,0,0,1,1,0,0,0,0,1,1,0,1,1,1,1,1,1,0,1,0,1,1,1,1,1,1,1,0,1,0,1,1,1,1,1,0,1,1,1,1,1,1,0,1,1,1,1,1,1,0,0,1,1,0,1,1,1,0,1,
	 1,0,1,0,1,1,1,1,1,0,1,1,1,1,1,1,0,1,1,1,0,1,1,1,1,0,1,1,0,1,0,1,1,1,1,1,1,1,0,0,0,0,1,1,1,0,0,0,0,1,1,0,1,0,0,0,0,0,1,1,0,1,1,1,1,1,0,1,0,1,1,1,0,1,0,0,0,0,0,1,1,0,0,0,0,1,1,0,1,1,0,1,0,1,0,0,0,1,0,1,1,1,1,1,1,1,0,1,0,0,1,1,1,0,0,1,1,1,0,1,1,1,1,1,0,0,1,1,1,0,1,0,0,0,1,1,0,0,0,0,1,1,0,1,0,0,1,0,0,1,0,0,0,0,1,1,0,0,1,1,0,1,1,1,1,0,0,0,1,1,0,0,0,1,0,1,1,1,1,1,0,1,1)
varip int[] GSPC = array.from(
	 1,0,0,0,0,0,0,1,1,0,0,0,0,1,1,1,1,1,0,0,1,1,1,1,0,1,0,1,0,0,0,1,0,0,1,1,1,1,1,1,1,1,1,1,1,1,1,1,1,0,1,1,0,0,0,0,0,0,0,0,1,1,1,1,0,1,0,1,1,1,0,0,1,1,1,0,1,1,0,1,1,1,1,0,1,1,0,0,0,1,1,1,1,0,0,1,1,1,0,1,1,1,1,0,0,1,1,1,0,1,1,1,1,1,1,1,1,0,1,0,1,1,1,1,1,1,1,1,0,0,0,1,1,0,1,1,1,0,1,1,0,0,0,1,1,1,0,1,0,1,1,1,1,0,1,1,0,1,0,0,0,1,1,1,1,1,1,0,1,0,1,1,1,1,1,1,1,1,0,1,1,1,1,
	 1,1,0,0,1,0,0,1,1,1,1,1,1,1,1,1,1,1,1,0,1,0,0,0,1,1,1,1,1,1,0,1,1,1,0,0,1,0,1,1,1,1,0,0,1,0,1,1,1,0,1,0,0,0,1,1,1,1,1,1,1,1,0,0,0,1,1,0,1,1,1,1,1,0,1,0,0,1,1,1,0,1,1,1,0,1,1,1,1,1,1,0,0,1,1,1,1,1,0,1,0,1,0,1,1,1,1,1,1,1,1,1,0,1,1,1,1,1,0,1,1,0,1,1,1,1,1,0,1,1,1,0,1,1,1,1,0,1,1,1,0,0,0,1,1,0,1,1,1,1,1,1,1,1,1,1,1,0,0,0,1,1,0,1,1,0,1,1,1,1,1,1,1,1,1,1,1,1,1,1,1,0,
	 1,1,1,1,0,0,1,1,0,1,1,1,0,0,1,1,0,0,0,1,1,1,1,1,1,1,0,0,0,0,0,1,1,1,1,1,1,1,1,1,1,1,0,1,1,1,0,1,1,1,1,1,1,1,1,1,1,1,0,0,0,1,0,1,0,1,1,0,0,1,0,1,0,1,1,1,0,0,1,1,1,1,1,1,1,1,0,0,0,1,1,1,1,1,1,1,1,1,1,1,0,1,0,0,1,1,1,1,1,1,0,1,1,1,1,0,1,1,1,1,1,0,0,1,1,0,0,0,0,1,0,0,1,1,0,0,1,1,1,1,0,1,1,0,1,1,1,0,1,1,0,1,1,1,1,1,1,0,1,1,1,1,0,1,0,1,1,0,1,0,0,1,0,0,1,0,1,0,1,1,1,1,
	 1,1,0,1,1,1,1,0,1,0,0,0,1,1,1,0,1,1,0,0,1,1,1,0,1,0,0,1,1,0,1,0,1,1,0,1,1,1,0,1,1,1,1,1,1,0,0,1,1,0,1,1,1,1,0,1,1,0,1,1,1,0,1,1,1,0,0,1,1,1,1,1,0,1,0,1,1,1,0,0,0,1,1,1,1,1,1,1,1,1,1,1,1,1,1,1,1,1,1,1,0,1,1,1,1,0,1,1,1,1,0,0,1,1,1,1,1,1,1,1,1,1,1,1,1,0,1,1,1,1,1,1,0,1,1,1,1,1,0,0,0,0,1,1,0,1,1,0,1,1,0,0,1,0,1,0,1,0,0,0,0,0,0,1,1,1,1,1,1,1,1,1,1,0,1,1,1,1,1,1,1,1,0)
varip int[] IBEX = array.from(
	 0,0,0,1,0,0,1,0,0,0,0,1,0,1,0,1,0,1,1,0,1,0,1,1,1,1,1,0,0,0,1,1,1,1,1,1,1,1,1,0,1,0,1,1,0,1,1,0,0,1,1,0,0,1,1,1,1,1,1,0,1,0,0,0,1,1,1,1,1,1,0,1,0,1,0,1,1,1,0,0,1,0,0,1,1,0,1,1,0,1,1,1,1,0,0,0,1,0,1,0,1,1,1,1,1,1,0,1,0,0,1,1,1,1,0,1,0,1,1,0,0,0,1,1,1,1,1,0,1,0,0,0,1,0,0,0,0,0,0,0,1,1,0,1,1,0,0,0,1,0,0,0,1,0,1,0,0,1,0,0,1,0,1,1,0,1,0,1,1,1,1,1,1,0,0,0,0,1,1,1,1,0,0,
	 0,0,1,0,1,1,0,1,1,1,1,1,1,1,1,0,1,0,1,0,0,1,1,1,1,0,0,0,1,0,0,0,1,0,1,0,1,1,1,0,1,1,1,0,0,1,1,0,0,1,1,0,1,1,0,0,1,1,1,1,1,1,0,0,0,1,1,0,0,1,0,0,1,0,1,1,1,0,1,1,1,0,1,1,1,0,0,0,1,0,0,0,1,0,1,0,1,1,0,0,0,1,1,1,1,1,1,0,0,0,0,1,0,0,0,1,1,1,0,0,1,1,1,1,0,0,0,1,0,0,0,1,1,1,1,0,1,1,0,1,1,1,0,1,1,1,1,0,1,1,1,0,0,0,0,0,0,0,0,1,1,0,0,1,0,1,1,0,1,0,0,0,1,1,1,1,1,0,1,1,1,0,
	 0,1,0,1,1,0,1,1,1,1,0,0,1,0,0,1,0,1,0,0,0,0,0,1,1,1,1,1,1,0,1,0,1,1,1,1,0,1,1,1,1,1,1,0,0,1,1,1,1,1,0,1,1,1,1,1,0,1,0,1,1,1,0,1,1,1,0,1,0,0,0,1,0,0,1,0,0,0,1,1,1,0,1,0,0,1,0,0,0,0,0,1,1,1,1,1,1,1,1,0,1,1,0,0,1,1,1,1,1,1,1,1,1,1,0,1,0,0,0,0,1,0,0,1,1,1,1,1,1,1,0,0,1,0,0,0,1,0,1,1,1,1,1,1,1,1,1,0,0,0,0,0,1,1,0,1,0,0,0,1,1,0,1,1,1,1,1,0,0,1,1,1,1,1,1,1,1,1,0,1,0,0,
	 0,0,1,1,1,1,0,0,0,1,0,1,0,0,1,1,0,0,1,1,1,0,0,1,1,0,1,1,1,1,1,0,0,0,0,1,1,0,1,0,0,0,0,1,1,1,1,1,0,0,0,1,0,1,1,1,1,1,1,0,1,0,0,0,1,1,0,0,0,1,0,1,1,1,0,0,0,0,0,0,0,0,0,0,1,1,1,1,1,1,0,1,1,0,1,1,1,1,0,1,1,0,0,0,0,1,1,1,0,1,1,1,1,0,0,1,0,0,1,1,1,1,1,1,1,1,1,0,1,1,0,0,1,0,1,0,0,1,1,1,0,0,1,0,1,0,1,1,1,1,0,0,1,1,1,1,1,1,1,1,0,1,0,0,1,0,0,0,1,0,1,0,1,1,1,1,0,0,0,1,1,0,0)
varip int[] IXIC = array.from(
	 1,1,0,1,0,0,1,0,0,0,1,1,1,1,1,1,1,1,0,1,0,1,1,1,1,1,0,1,1,1,1,1,1,1,1,0,1,1,1,0,1,1,1,1,1,1,1,1,1,0,1,0,0,1,1,0,1,1,1,1,1,1,1,1,0,1,0,0,1,0,1,1,1,0,1,0,1,1,1,0,1,1,1,0,1,1,1,1,0,1,1,0,1,0,1,1,0,1,0,1,1,1,1,0,1,1,0,0,1,1,0,0,1,1,0,0,1,0,1,1,1,1,0,0,0,0,1,0,0,0,0,0,1,1,1,1,1,1,0,1,1,0,0,1,1,1,1,0,0,1,1,1,1,1,1,1,0,0,0,1,1,0,1,0,0,1,1,1,1,1,1,1,1,1,0,1,1,1,1,1,1,1,1,
	 0,1,0,0,1,1,1,1,1,1,1,1,1,0,1,1,1,1,1,1,1,1,0,0,0,1,0,1,1,0,0,0,0,1,1,1,1,1,0,0,1,1,1,0,0,1,1,1,1,0,1,1,1,1,1,1,0,0,1,1,1,1,1,1,1,0,1,1,0,1,0,0,0,1,0,1,1,0,1,0,0,0,0,0,1,0,0,0,0,0,0,0,0,1,0,1,1,1,0,1,1,0,0,1,1,1,1,1,1,1,1,1,1,1,1,1,1,1,1,1,1,1,1,1,1,1,1,1,0,1,1,1,1,1,1,0,0,0,0,0,0,1,1,1,1,1,0,0,0,1,1,1,1,1,0,1,1,1,0,1,0,1,1,1,1,1,1,0,1,1,1,0,1,0,1,1,1,1,1,1,1,1,
	 1,0,1,1,1,0,0,1,1,1,1,1,1,1,0,1,1,1,0,1,1,1,0,0,1,0,1,1,1,1,1,0,1,1,1,1,1,1,1,1,1,1,1,0,0,1,0,0,1,1,1,1,1,1,1,1,0,1,1,0,1,0,0,1,1,1,1,1,1,1,1,1,1,1,0,1,1,1,0,1,1,0,1,1,0,1,1,1,1,1,1,1,1,1,1,1,0,1,1,1,0,0,1,1,1,1,1,1,1,1,1,1,1,1,1,1,1,1,1,1,1,1,1,0,0,1,1,1,1,1,0,0,1,1,1,1,1,0,1,0,0,1,1,1,1,1,0,1,1,1,1,0,1,1,1,1,1,1,0,1,1,0,1,1,1,0,0,1,1,1,0,1,1,1,1,1,1,1,1,1,1,1,
	 0,1,0,0,1,1,1,1,1,1,1,1,1,1,1,0,0,0,0,0,1,0,0,1,0,1,0,1,1,1,1,1,1,1,0,0,1,1,1,1,1,1,0,1,1,1,1,1,1,1,1,0,1,1,1,0,0,0,1,1,1,1,1,0,1,1,1,1,0,0,1,1,0,1,1,1,1,1,0,1,0,1,0,1,0,1,0,1,1,1,1,0,1,1,1,1,1,1,1,1,0,0,1,1,1,1,1,1,0,0,0,1,1,1,1,1,0,0,0,1,1,1,1,1,1,1,1,1,0,1,1,0,1,1,1,1,1,1,1,0,0,1,1,1,1,1,0,1,0,1,1,1,1,1,1,0,0,1,0,0,1,1,0,1,0,0,1,1,1,1,0,1,0,1,1,0,1,1,0,1,1,1,1)
varip int[] N225 = array.from(
	 1,1,0,0,0,1,0,0,0,1,1,1,1,1,1,1,1,0,1,1,0,0,0,1,1,1,0,1,1,1,1,1,0,1,1,1,1,0,0,1,0,0,0,0,0,0,1,0,0,0,1,1,1,0,0,0,0,0,0,1,1,0,0,1,1,1,1,0,1,1,1,0,0,1,1,1,1,1,1,1,0,0,1,0,1,1,1,1,0,0,0,0,0,1,1,0,0,1,1,1,0,0,1,0,0,1,0,1,0,1,1,1,0,1,1,1,0,0,0,1,1,0,0,0,0,1,0,0,1,0,0,0,0,1,1,1,1,1,1,1,1,0,1,0,1,1,1,1,1,1,1,1,1,1,0,0,1,1,1,1,1,1,1,1,1,0,0,0,0,1,0,0,0,0,0,0,1,1,0,1,1,0,0,
	 0,0,1,1,1,1,0,0,0,0,1,1,1,1,0,0,1,1,0,1,0,0,1,0,1,1,1,0,0,1,0,1,1,1,0,1,0,0,0,1,1,0,0,1,1,1,0,0,0,1,1,1,0,0,1,0,1,1,0,0,0,0,0,1,0,1,1,1,1,1,1,1,0,0,0,0,0,1,1,0,1,1,1,1,0,1,1,1,1,1,1,0,1,1,0,1,1,0,0,0,0,1,1,0,1,1,1,1,1,1,0,0,1,0,0,0,0,0,1,1,1,0,0,1,1,1,1,0,0,0,1,1,1,1,1,1,1,1,1,1,0,0,1,1,1,0,1,0,0,0,0,0,0,0,0,0,1,1,1,0,1,1,1,1,1,0,0,0,0,0,0,0,1,0,1,1,1,1,1,0,0,0,
	 0,0,1,0,1,1,1,1,1,0,0,1,0,1,1,1,1,1,1,1,1,1,1,1,0,1,1,1,1,1,1,1,1,1,1,1,1,1,1,1,0,0,0,0,1,0,1,1,1,1,1,1,1,0,0,0,0,1,0,1,1,0,0,0,0,0,0,1,0,0,0,0,0,1,0,1,1,1,1,1,1,1,0,1,0,0,0,1,1,0,0,0,0,0,1,1,0,0,0,0,0,0,0,0,1,1,1,1,0,1,1,1,0,0,1,1,0,0,1,1,1,1,0,1,0,0,0,0,1,1,1,1,1,1,0,1,1,1,1,1,0,1,1,0,0,1,1,1,1,1,1,1,1,1,1,1,0,1,0,0,1,1,1,1,0,1,0,0,0,0,1,0,1,1,1,1,1,0,1,1,1,1,
	 1,1,1,0,1,0,1,1,0,0,1,1,1,0,1,1,0,1,0,0,0,1,1,0,1,1,0,1,1,1,1,1,0,1,1,0,0,0,1,0,1,0,1,0,1,1,1,1,0,0,0,0,1,1,0,0,1,1,1,1,0,1,1,1,1,1,1,0,0,1,1,1,1,1,0,0,0,1,1,0,1,1,1,1,1,0,0,0,1,0,1,1,1,1,1,1,1,1,1,1,1,0,1,1,1,1,0,1,1,1,1,1,0,0,1,1,0,0,1,1,1,1,1,1,0,0,1,1,0,0,0,0,1,1,1,1,0,1,1,1,1,1,0,0,1,1,1,1,1,1,1,1,0,0,1,1,0,0,0,0,0,0,0,1,0,1,1,1,1,0,0,1,0,0,1,0,0,0,1,0,0,0,1)
varip int[] NSEBANK = array.from(
	 1,0,0,0,1,1,1,0,1,1,1,0,1,1,1,1,0,0,0,0,0,0,0,0,0,1,0,0,1,0,0,1,0,1,1,0,0,1,0,0,1,0,0,0,0,1,1,1,1,1,0,1,1,0,0,1,1,1,1,1,1,1,1,1,1,0,1,0,0,0,0,1,0,1,1,1,0,1,1,1,1,1,1,1,1,1,0,0,0,0,0,1,1,1,0,1,1,1,0,1,1,0,0,1,1,1,1,1,0,1,0,1,1,0,0,0,1,1,1,1,1,0,0,1,1,1,1,1,1,1,0,0,1,1,0,1,1,1,0,1,1,1,0,1,0,0,1,1,0,1,1,1,1,1,0,0,0,1,0,0,0,1,1,1,1,1,1,0,1,1,0,1,1,1,1,0,0,0,1,0,0,0,0,
	 0,1,1,1,1,1,1,1,1,1,1,0,0,1,0,0,1,0,1,0,0,1,0,1,1,0,0,1,1,0,0,0,1,1,1,1,0,1,0,0,0,0,0,0,0,0,1,1,1,1,0,1,0,1,1,0,1,1,1,1,0,1,1,0,0,0,0,1,0,1,0,1,0,1,0,0,0,0,0,0,0,0,1,0,1,1,1,1,1,1,1,0,1,0,0,1,1,0,0,0,1,1,0,1,0,0,1,1,1,1,1,1,0,1,1,1,1,1,0,1,1,0,0,1,1,1,1,1,1,0,1,1,1,0,1,0,0,0,1,1,1,0,0,1,1,1,1,1,1,1,1,1,0,1,1,0,1,0,1,0,1,1,0,1,1,1,1,1,1,1,1,1,0,0,1,0,1,1,1,1,1,0,
	 1,0,1,0,0,1,1,0,1,1,1,0,0,1,1,1,0,0,1,0,0,0,1,1,1,0,1,1,0,0,0,0,1,1,0,1,1,1,0,1,0,1,0,0,1,0,0,1,1,1,1,1,0,1,1,1,1,0,1,0,0,0,0,0,0,1,1,1,0,0,0,1,0,0,1,0,0,1,1,0,0,1,0,1,1,1,0,0,0,1,0,1,0,0,0,1,0,1,1,1,0,0,1,1,0,1,1,1,1,1,1,0,0,1,1,0,1,1,1,1,1,0,0,0,1,0,1,0,1,1,0,1,1,1,0,0,1,1,0,0,1,0,0,0,1,0,0,0,0,1,1,0,1,0,0,0,0,0,1,1,1,0,0,1,1,1,1,1,1,1,0,1,1,1,1,1,1,0,1,1,1,0,
	 1,0,1,1,1,1,1,0,0,1,1,0,1,1,0,1,1,0,0,1,1,1,1,1,1,1,1,1,1,1,1,1,1,0,1,1,0,1,0,1,0,1,1,1,1,0,0,1,1,0,1,1,1,1,1,1,1,0,0,0,1,0,1,1,0,1,1,0,0,1,0,1,1,1,1,0,0,0,1,1,0,0,1,1,1,1,1,0,1,1,0,0,1,0,0,0,0,0,1,0,1,1,1,0,0,1,1,1,1,0,0,1,1,1,0,1,0,1,0,1,0,1,1,0,0,0,0,0,0,0,1,0,0,1,0,1,1,1,1,0,1,1,1,1,0,0,0,1,0,1,0,1,1,1,1,1,0,1,1,0,0,0,1,1,1,1,0,1,1,0,1,1,1,1,0,1,1,1,0,0,0,1,0)
varip int[] NSEI = array.from(
	 0,0,1,1,0,0,1,0,0,1,1,0,0,0,0,0,1,1,1,1,0,0,1,1,1,1,0,0,1,0,0,1,1,0,1,1,0,1,1,1,0,0,1,1,0,0,0,1,0,0,0,1,1,1,1,1,1,1,0,0,0,1,1,0,0,1,0,0,0,1,1,1,0,0,1,0,1,0,1,1,0,0,1,0,1,1,1,0,1,1,0,0,1,0,1,1,1,1,0,1,1,0,0,1,1,0,1,1,1,1,0,1,0,0,0,1,1,0,1,0,0,0,1,0,0,1,1,1,1,1,0,0,0,1,1,1,1,0,0,0,1,1,1,1,1,1,1,0,1,0,1,1,0,1,1,0,1,1,1,1,0,0,1,1,0,1,1,1,0,0,1,0,1,1,1,0,1,1,0,0,1,0,0,
	 1,0,1,1,1,0,1,0,0,1,0,0,1,0,1,1,0,1,0,1,1,1,0,1,0,1,1,1,1,1,0,0,0,0,1,0,1,0,1,1,1,0,1,1,0,1,0,1,1,1,0,1,1,1,0,1,1,0,0,1,1,0,0,0,1,1,1,1,0,1,1,1,1,0,0,1,0,1,1,1,0,0,0,0,1,1,1,1,1,1,1,0,1,0,0,0,0,0,0,0,0,0,1,0,0,0,0,0,1,0,0,1,1,1,1,1,1,1,0,0,0,1,1,1,0,1,0,1,1,0,1,1,1,0,0,1,1,0,0,1,0,0,0,1,1,0,1,1,1,1,1,1,0,0,1,1,1,1,1,1,0,0,1,0,0,1,1,0,0,1,0,0,0,1,1,0,0,1,0,1,1,0,
	 1,0,1,1,1,1,0,1,0,1,1,1,0,0,0,0,1,0,1,1,0,1,0,0,1,0,1,1,1,0,1,1,1,0,1,1,1,0,1,1,0,1,1,0,0,1,0,1,1,0,1,1,1,1,1,1,1,0,0,0,1,0,1,0,0,1,0,0,1,0,0,0,0,0,1,1,0,1,1,1,0,0,1,1,1,0,0,1,1,0,1,1,0,1,0,1,0,0,1,1,0,1,0,1,1,1,0,1,0,0,0,1,1,1,1,1,0,1,0,0,1,1,0,1,1,1,0,0,1,1,1,1,1,1,0,0,1,0,0,1,1,1,1,0,0,0,0,0,0,1,1,1,1,0,0,0,1,0,0,1,0,1,1,0,1,0,0,0,1,1,0,1,0,0,1,0,1,1,0,1,1,0,
	 1,0,1,1,1,0,0,1,1,1,0,1,1,1,0,1,1,1,0,0,0,1,0,1,1,0,1,0,1,1,0,1,0,0,0,0,0,0,0,0,1,1,1,1,1,1,1,0,0,1,0,0,1,0,1,1,1,1,0,1,1,1,1,0,1,1,0,1,1,1,1,0,1,0,1,0,1,1,1,1,1,1,0,0,1,0,0,1,1,0,1,1,0,0,0,0,0,1,0,0,0,1,1,1,1,1,0,1,0,0,0,1,1,0,1,0,1,1,1,1,1,0,0,0,0,0,1,1,1,1,1,0,1,1,1,1,1,0,0,1,0,0,0,0,0,1,1,0,1,1,0,0,1,1,1,1,0,0,0,1,1,0,1,1,1,1,1,0,1,1,0,1,1,1,0,1,0,1,1,0,0,0,0)
